1	1		1
1	2		2
1	3		3
1	4		4
2	1		1
2	5		2
2	2		3
2	3		4
3	1		1
3	6		2
3	7		3
3	2		4
3	3		5
3	4		6
4	1		1
4	6		2
4	2		3
4	3		4
4	4		5
5	1		1
5	2		2
5	3		3
5	4		4
6	1		1
6	2		2
6	3		3
7	1		1
7	2		2
8	1		1
8	2		2
8	3		3
9	1		1
9	2		2
9	3		3
10	1		1
10	2		2
11	1		1
11	2		2
11	3		3
12	1		1
12	2		2
13	1		1
13	6		2
13	2		3
13	3		4
14	1		1
14	6		2
14	2		3
14	3		4
15	1		1
15	2		2
15	3		3
16	1		1
16	2		2
16	3		3
17	1		1
17	2		2
17	3		3
18	1		1
18	2		2
18	3		3
18	4		4
19	1		1
19	2		2
19	3		3
20	1		1
20	2		2
21	1		1
21	2		2
22	1		1
22	2		2
22	3		3
23	1		1
23	6		2
23	2		3
23	3		4
24	1		1
24	2		2
25	1		1
25	2		2
25	3		3
26	1		1
26	2		2
26	3		3
27	1		1
27	2		2
27	3		3
27	4		4
28	1		1
28	2		2
29	1		1
29	6		2
29	2		3
29	3		4
30	1		1
30	2		2
31	1		1
31	6		2
31	2		3
31	3		4
32	1		1
32	2		2
32	3		3
33	1		1
33	6		2
33	2		3
34	1		1
34	2		2
35	1		1
35	2		2
36	1		1
36	2		2
36	3		3
37	1		1
37	2		2
38	1		1
38	2		2
39	1		1
39	2		2
39	3		3
40	1		1
40	2		2
40	3		3
41	1		1
41	6		2
41	2		3
41	3		4
42	1		1
42	2		2
42	3		3
43	1		1
43	2		2
43	3		3
44	1		1
44	2		2
45	1		1
45	2		2
46	1		1
46	2		2
47	1		1
47	2		2
48	1		1
48	2		2
48	3		3
48	4		4
49	1		1
49	6		2
49	3		3
49	2		4
50	1		1
50	6		2
50	2		3
50	3		4
51	1		1
51	2		2
52	1		1
52	2		2
52	3		3
53	1		1
53	2		2
53	3		3
54	1		1
54	2		2
54	3		3
55	1		1
55	2		2
55	3		3
56	6		1
56	2		2
56	3		3
57	6		1
57	2		2
57	3		3
58	7		1
58	8		2
58	9		3
58	10		4
58	11		5
59	7		1
59	8		2
59	9		3
59	10		4
59	11		5
60	7		1
60	8		2
60	9		3
60	10		4
60	11		5
61	7		1
61	10		2
61	11		3
62	7		1
62	10		2
63	7		1
63	11		2
64	7		1
64	11		2
65	7		1
65	10		2
65	11		3
66	7		1
66	10		2
66	11		3
67	7		1
67	12		2
67	9		3
67	11		4
68	7		1
68	13		2
68	14		3
68	12		4
68	10		5
68	8		6
68	11		7
69	7		1
69	13		2
69	9		3
69	8		4
69	11		5
69	15		6
70	7		1
70	13		2
70	11		3
70	15		4
71	7		1
71	13		2
71	9		3
72	7		1
72	13		2
72	10		3
72	9		4
72	8		5
72	11		6
72	15		7
73	7		1
73	13		2
73	10		3
73	9		4
73	8		5
73	11		6
73	15		7
74	7		1
74	10		2
74	9		3
74	11		4
74	15		5
75	7		1
75	13		2
75	10		3
75	9		4
75	8		5
75	11		6
75	15		7
76	7		1
76	10		2
76	15		3
77	7		1
77	13		2
77	16		3
77	10		4
77	11		5
78	7		1
78	13		2
78	17		3
78	10		4
78	11		5
78	15		6
79	7		1
79	13		2
79	10		3
79	11		4
79	15		5
80	7		1
80	11		2
81	7		1
81	10		2
81	8		3
81	11		4
81	15		5
82	7		1
82	10		2
82	11		3
83	7		1
83	13		2
83	11		3
84	7		1
85	7		1
85	10		2
85	9		3
85	8		4
85	11		5
86	7		1
86	13		2
86	10		3
86	11		4
87	7		1
88	7		1
89	7		1
90	13		1
90	18		2
90	9		3
90	8		4
90	11		5
90	15		6
91	13		1
91	18		2
91	9		3
91	8		4
91	11		5
91	15		6
92	13		1
92	9		2
92	11		3
92	15		4
93	13		1
94	13		1
95	13		1
96	13		1
97	13		1
98	13		1
98	11		2
99	13		1
99	8		2
100	13		1
100	8		2
101	13		1
101	8		2
102	13		1
102	8		2
103	13		1
104	13		1
105	13		1
105	9		2
106	13		1
107	13		1
107	14		2
107	7		3
107	8		4
107	10		5
107	11		6
108	7		1
108	19		2
108	20		3
109	7		1
109	21		2
109	19		3
109	20		4
110	7		1
110	21		2
110	19		3
110	20		4
111	7		1
111	21		2
111	19		3
111	20		4
112	7		1
112	21		2
112	19		3
112	20		4
113	7		1
113	19		2
113	20		3
114	7		1
114	19		2
114	20		3
115	7		1
115	19		2
115	20		3
116	7		1
116	19		2
116	20		3
117	7		1
117	19		2
117	20		3
118	7		1
118	19		2
118	20		3
119	7		1
119	21		2
119	19		3
119	20		4
120	7		1
120	19		2
120	20		3
121	7		1
121	19		2
121	20		3
122	7		1
122	19		2
122	20		3
123	7		1
123	19		2
123	20		3
124	7		1
124	19		2
124	20		3
125	7		1
125	19		2
126	7		1
126	19		2
126	20		3
127	7		1
127	19		2
127	20		3
128	7		1
128	22		2
128	19		3
128	20		4
129	23		1
129	24		2
130	23		1
130	24		2
131	23		1
132	23		1
132	18		2
132	9		3
132	24		4
133	23		1
133	9		2
133	24		3
134	23		1
134	18		2
134	9		3
134	24		4
135	23		1
135	18		2
135	24		3
135	25		4
136	23		1
136	24		2
137	23		1
137	24		2
138	23		1
139	23		1
139	18		2
140	23		1
140	24		2
141	23		1
141	18		2
141	24		3
142	23		1
143	23		1
143	25		2
144	23		1
144	24		2
145	23		1
145	18		2
145	24		3
145	26		4
146	23		1
146	24		2
147	23		1
147	18		2
147	9		3
147	24		4
148	23		1
148	24		2
148	25		3
149	23		1
150	23		1
150	27		2
151	23		1
151	28		2
151	24		3
152	23		1
152	25		2
153	23		1
153	24		2
153	26		3
154	23		1
154	24		2
155	23		1
155	25		2
156	23		1
156	24		2
157	23		1
157	18		2
157	24		3
158	23		1
158	18		2
159	23		1
160	23		1
161	23		1
162	23		1
163	23		1
164	23		1
165	23		1
165	24		2
166	23		1
166	24		2
167	23		1
167	28		2
167	24		3
168	23		1
168	25		2
169	29		1
169	30		2
169	31		3
170	29		1
170	30		2
170	31		3
171	29		1
171	30		2
171	31		3
172	29		1
172	30		2
172	31		3
173	29		1
173	30		2
173	31		3
174	29		1
174	30		2
174	31		3
175	29		1
175	30		2
175	31		3
176	29		1
176	30		2
176	31		3
177	29		1
177	30		2
177	31		3
178	29		1
178	30		2
178	31		3
179	29		1
179	30		2
179	31		3
180	29		1
180	32		2
180	30		3
180	31		4
181	29		1
181	30		2
181	31		3
182	29		1
182	30		2
182	31		3
183	29		1
183	30		2
183	31		3
184	29		1
184	30		2
184	31		3
185	29		1
185	30		2
185	31		3
186	29		1
186	30		2
186	31		3
187	29		1
187	31		2
188	29		1
188	30		2
188	31		3
189	29		1
189	30		2
189	31		3
190	29		1
190	30		2
190	31		3
191	29		1
191	30		2
191	31		3
192	29		1
192	30		2
192	31		3
193	29		1
193	30		2
193	31		3
194	29		1
194	30		2
194	31		3
195	29		1
195	30		2
195	31		3
196	29		1
196	30		2
196	31		3
197	29		1
197	30		2
197	31		3
198	29		1
198	30		2
199	29		1
199	30		2
199	31		3
200	29		1
200	30		2
200	31		3
201	29		1
201	30		2
201	31		3
202	29		1
202	30		2
202	31		3
203	29		1
203	30		2
203	31		3
204	29		1
204	30		2
204	31		3
205	29		1
205	30		2
205	31		3
206	33		1
206	32		2
206	31		3
207	33		1
207	32		2
207	34		3
207	31		4
208	33		1
208	31		2
209	32		1
209	33		2
209	30		3
209	31		4
210	17		1
211	23		1
211	17		2
211	24		3
212	17		1
212	14		2
212	24		3
212	25		4
213	17		1
213	24		2
214	17		1
214	18		2
215	17		1
216	17		1
217	17		1
217	9		2
218	17		1
219	17		1
219	24		2
220	23		1
220	17		2
220	18		3
220	9		4
220	24		5
221	17		1
222	17		1
222	24		2
223	17		1
223	14		2
223	10		3
224	17		1
224	18		2
225	17		1
225	10		2
226	17		1
226	24		2
227	17		1
227	14		2
227	35		3
228	17		1
229	17		1
230	17		1
230	18		2
230	9		3
231	17		1
231	14		2
231	15		3
232	17		1
233	17		1
234	17		1
235	17		1
236	17		1
237	17		1
238	17		1
239	17		1
240	17		1
241	23		1
241	17		2
242	23		1
242	15		2
243	23		1
243	11		2
243	25		3
243	15		4
244	23		1
245	23		1
246	23		1
246	18		2
247	23		1
247	18		2
247	24		3
248	23		1
249	23		1
250	14		1
251	14		1
252	14		1
253	14		1
254	14		1
254	10		2
255	14		1
255	9		2
256	14		1
256	9		2
256	25		3
257	14		1
257	25		2
257	36		3
258	14		1
259	14		1
260	14		1
260	9		2
261	14		1
262	14		1
262	35		2
262	17		3
263	14		1
263	17		2
263	15		3
264	14		1
264	10		2
265	14		1
266	14		1
267	14		1
268	14		1
268	36		2
269	14		1
270	14		1
271	14		1
271	9		2
271	25		3
272	14		1
273	14		1
274	14		1
275	14		1
276	14		1
277	14		1
278	14		1
278	25		2
279	14		1
280	14		1
280	11		2
281	14		1
281	8		2
281	11		3
282	14		1
283	9		1
283	37		2
284	2		1
284	3		2
285	2		1
285	3		2
285	4		3
286	2		1
286	3		2
287	2		1
287	3		2
288	2		1
288	3		2
289	2		1
289	3		2
290	2		1
290	3		2
291	2		1
291	3		2
292	2		1
292	3		2
293	2		1
293	3		2
293	4		3
294	2		1
294	3		2
295	2		1
295	3		2
296	2		1
296	3		2
297	2		1
297	38		2
298	2		1
299	2		1
300	2		1
301	2		1
302	2		1
303	2		1
304	2		1
305	2		1
306	2		1
307	2		1
308	2		1
309	2		1
310	2		1
311	2		1
312	2		1
313	2		1
314	3		1
314	2		2
315	3		1
316	3		1
317	3		1
317	38		2
318	3		1
319	3		1
320	3		1
321	4		1
321	10		2
321	37		3
322	4		1
322	39		2
323	4		1
324	4		1
325	4		1
326	4		1
327	4		1
328	4		1
329	4		1
330	4		1
331	4		1
332	4		1
333	39		1
333	20		2
334	39		1
335	39		1
335	20		2
336	39		1
336	20		2
336	19		3
337	39		1
338	39		1
338	20		2
339	39		1
339	20		2
339	21		3
340	39		1
340	20		2
341	19		1
341	39		2
341	20		3
342	39		1
342	20		2
343	39		1
344	39		1
345	39		1
345	20		2
346	39		1
347	39		1
347	20		2
348	39		1
349	39		1
349	20		2
350	19		1
350	39		2
350	20		3
351	39		1
351	20		2
351	19		3
352	19		1
352	39		2
352	20		3
353	39		1
353	20		2
354	39		1
354	20		2
355	39		1
355	20		2
356	19		1
356	39		2
356	20		3
357	39		1
357	20		2
357	19		3
358	39		1
358	20		2
359	39		1
360	19		1
360	20		2
360	39		3
361	39		1
361	20		2
362	39		1
363	39		1
364	40		1
364	39		2
364	20		3
364	41		4
365	18		1
366	18		1
367	18		1
368	18		1
369	18		1
370	18		1
371	18		1
372	18		1
373	18		1
374	18		1
375	18		1
376	18		1
377	18		1
377	24		2
378	18		1
379	18		1
380	18		1
381	23		1
381	18		2
381	24		3
382	18		1
383	18		1
384	18		1
384	24		2
385	20		1
386	20		1
387	20		1
388	20		1
388	39		2
389	20		1
389	39		2
390	20		1
391	20		1
391	39		2
392	20		1
392	7		2
392	19		3
393	20		1
393	19		2
394	20		1
395	20		1
396	20		1
397	20		1
398	20		1
399	20		1
400	20		1
401	20		1
402	20		1
403	20		1
403	39		2
404	20		1
404	39		2
405	20		1
406	20		1
407	19		1
407	20		2
407	21		3
408	20		1
408	42		2
409	23		1
410	23		1
411	23		1
412	23		1
412	10		2
412	9		3
413	23		1
414	23		1
414	10		2
414	9		3
415	23		1
416	23		1
416	15		2
417	23		1
417	8		2
417	9		3
417	11		4
418	23		1
418	8		2
418	9		3
418	11		4
419	23		1
419	8		2
419	9		3
419	11		4
420	23		1
420	36		2
420	43		3
420	15		4
421	23		1
421	11		2
422	23		1
422	8		2
423	23		1
424	23		1
425	23		1
426	23		1
426	8		2
427	23		1
427	8		2
428	23		1
429	23		1
430	23		1
430	36		2
431	23		1
431	10		2
432	23		1
432	10		2
432	11		3
433	23		1
433	10		2
434	23		1
435	23		1
435	10		2
435	15		3
436	23		1
437	23		1
438	23		1
439	17		1
439	11		2
439	37		3
440	23		1
441	23		1
442	23		1
443	23		1
444	23		1
444	36		2
444	43		3
444	15		4
445	23		1
446	23		1
446	37		2
447	23		1
447	17		2
448	23		1
448	8		2
448	37		3
449	23		1
449	8		2
449	37		3
450	23		1
451	23		1
451	36		2
452	23		1
453	23		1
454	23		1
454	8		2
454	37		3
455	17		1
456	17		1
456	36		2
457	17		1
458	17		1
459	17		1
460	17		1
461	17		1
461	10		2
462	17		1
463	17		1
464	1		1
464	6		2
465	1		1
465	6		2
466	1		1
466	6		2
467	1		1
468	1		1
469	1		1
470	1		1
471	1		1
472	1		1
473	1		1
474	1		1
475	1		1
476	1		1
477	1		1
478	1		1
478	6		2
479	1		1
480	1		1
481	1		1
481	6		2
482	1		1
483	1		1
484	1		1
485	1		1
486	1		1
487	1		1
488	1		1
489	1		1
489	6		2
490	1		1
491	1		1
492	1		1
493	1		1
494	6		1
512	10		1
512	11		2
513	44		1
513	31		2
514	44		1
514	31		2
515	23		1
515	18		2
515	9		3
515	25		4
516	23		1
516	24		2
517	23		1
517	24		2
518	23		1
518	9		2
518	24		3
519	23		1
520	17		1
521	17		1
521	35		2
522	17		1
522	35		2
523	17		1
524	17		1
525	23		1
525	24		2
526	23		1
526	24		2
527	23		1
527	24		2
528	23		1
528	18		2
528	24		3
529	23		1
529	18		2
529	24		3
530	23		1
530	24		2
531	23		1
531	24		2
532	23		1
532	24		2
533	23		1
533	18		2
533	24		3
534	23		1
534	18		2
534	9		3
534	24		4
535	23		1
535	18		2
535	9		3
535	24		4
536	23		1
536	18		2
537	23		1
537	18		2
538	23		1
538	18		2
538	9		3
538	24		4
539	23		1
539	18		2
539	9		3
539	24		4
540	23		1
540	24		2
541	23		1
541	18		2
541	9		3
541	24		4
542	23		1
542	24		2
543	23		1
543	18		2
543	9		3
543	24		4
544	23		1
544	18		2
544	24		3
545	23		1
545	24		2
546	18		1
546	23		2
546	9		3
546	24		4
547	18		1
548	18		1
548	25		2
549	18		1
549	24		2
550	18		1
550	24		2
551	18		1
551	9		2
552	23		1
552	17		2
552	24		3
553	13		1
554	13		1
554	9		2
555	13		1
555	9		2
556	45		1
556	46		2
557	45		1
557	24		2
558	45		1
558	47		2
559	45		1
559	28		2
560	45		1
560	46		2
561	45		1
561	47		2
561	46		3
562	45		1
562	24		2
563	45		1
563	47		2
564	45		1
565	45		1
566	45		1
567	45		1
568	45		1
568	47		2
568	46		3
569	45		1
570	45		1
570	24		2
571	45		1
572	45		1
572	28		2
573	45		1
574	45		1
575	45		1
576	45		1
577	45		1
578	45		1
578	47		2
578	46		3
579	45		1
580	45		1
581	45		1
582	45		1
582	28		2
583	45		1
584	45		1
585	45		1
585	47		2
585	46		3
586	45		1
587	45		1
588	45		1
589	45		1
590	45		1
591	45		1
592	45		1
593	45		1
593	47		2
593	46		3
594	45		1
594	28		2
595	45		1
596	45		1
597	45		1
597	24		2
598	45		1
598	47		2
598	46		3
599	45		1
599	28		2
600	45		1
601	45		1
602	45		1
603	45		1
604	45		1
604	47		2
605	45		1
605	46		2
606	45		1
607	45		1
607	24		2
608	45		1
608	47		2
609	45		1
609	46		2
610	45		1
611	45		1
612	45		1
613	45		1
614	45		1
614	46		2
615	45		1
615	47		2
615	46		3
616	45		1
616	24		2
617	10		1
617	8		2
618	23		1
619	23		1
620	29		1
621	29		1
622	29		1
623	29		1
624	29		1
625	29		1
626	29		1
627	29		1
628	29		1
629	29		1
630	29		1
631	29		1
632	29		1
633	29		1
634	29		1
635	29		1
636	29		1
637	29		1
638	29		1
639	29		1
640	29		1
641	29		1
642	29		1
643	29		1
644	29		1
645	29		1
646	29		1
647	29		1
648	23		1
648	11		2
648	25		3
648	48		4
649	14		1
649	25		2
649	36		3
650	13		1
650	25		2
651	14		1
652	7		1
652	13		2
652	24		3
652	25		4
653	9		1
654	7		1
654	24		2
654	25		3
655	7		1
655	25		2
656	7		1
656	24		2
656	25		3
657	13		1
657	25		2
658	23		1
659	10		1
659	24		2
659	25		3
660	14		1
660	24		2
660	25		3
661	14		1
661	25		2
662	14		1
662	24		2
662	25		3
663	14		1
663	25		2
664	14		1
664	25		2
665	14		1
665	25		2
666	14		1
666	25		2
667	14		1
667	25		2
668	14		1
668	25		2
669	10		1
669	25		2
670	23		1
670	24		2
670	25		3
671	7		1
671	25		2
672	14		1
672	25		2
673	14		1
673	25		2
674	14		1
674	25		2
675	9		1
675	25		2
676	23		1
676	18		2
676	24		3
676	25		4
677	17		1
677	18		2
677	14		3
677	25		4
678	14		1
678	25		2
679	23		1
679	25		2
680	23		1
680	18		2
680	24		3
681	23		1
681	18		2
681	24		3
682	23		1
682	18		2
682	9		3
682	25		4
683	18		1
683	25		2
684	23		1
684	24		2
684	25		3
685	23		1
685	24		2
685	25		3
686	23		1
686	25		2
687	14		1
687	24		2
688	14		1
689	23		1
689	25		2
690	23		1
690	14		2
691	23		1
691	14		2
692	14		1
692	24		2
692	25		3
693	14		1
693	24		2
693	25		3
694	14		1
695	14		1
695	25		2
696	17		1
696	10		2
697	17		1
697	10		2
698	18		1
698	25		2
698	36		3
698	15		4
699	23		1
699	9		2
700	23		1
700	11		2
700	25		3
700	15		4
701	17		1
701	25		2
701	37		3
702	18		1
702	8		2
702	25		3
703	13		1
703	11		2
704	14		1
704	25		2
705	14		1
705	25		2
706	18		1
707	18		1
708	18		1
708	25		2
708	37		3
709	18		1
709	8		2
709	25		3
710	23		1
710	18		2
710	25		3
710	15		4
711	18		1
711	8		2
711	25		3
712	18		1
712	25		2
712	36		3
713	23		1
713	18		2
713	11		3
713	25		4
714	7		1
714	10		2
714	8		3
714	11		4
714	15		5
715	1		1
716	38		1
717	38		1
718	38		1
719	38		1
720	38		1
721	38		1
722	38		1
723	38		1
724	24		1
725	24		1
726	49		1
726	50		2
727	50		1
727	27		2
728	49		1
728	50		2
729	50		1
730	51		1
730	49		2
731	51		1
732	51		1
732	49		2
733	8		1
734	8		1
735	8		1
736	8		1
736	50		2
737	8		1
737	37		2
738	8		1
738	37		2
738	50		3
739	8		1
739	50		2
740	8		1
741	8		1
742	8		1
743	8		1
743	50		2
744	24		1
745	37		1
745	50		2
746	37		1
746	50		2
747	24		1
747	11		2
748	24		1
748	37		2
748	50		3
749	24		1
749	28		2
750	50		1
751	37		1
751	50		2
752	24		1
753	24		1
754	28		1
754	24		2
754	50		3
755	24		1
755	50		2
756	24		1
757	24		1
757	50		2
758	28		1
758	24		2
759	24		1
760	24		1
760	50		2
761	24		1
762	52		1
762	38		2
763	45		1
763	25		2
764	45		1
764	25		2
765	45		1
765	25		2
766	45		1
766	25		2
767	45		1
767	25		2
768	45		1
768	25		2
769	45		1
769	25		2
770	45		1
770	25		2
770	15		3
771	45		1
771	25		2
772	45		1
772	25		2
773	45		1
773	25		2
774	45		1
774	25		2
774	36		3
775	45		1
775	25		2
776	45		1
776	11		2
776	25		3
777	45		1
777	25		2
778	45		1
778	25		2
779	52		1
779	38		2
780	38		1
781	23		1
781	27		2
782	14		1
782	50		2
783	14		1
784	14		1
784	24		2
785	45		1
785	25		2
786	45		1
786	25		2
786	15		3
787	45		1
787	25		2
788	45		1
788	47		2
788	46		3
789	45		1
789	47		2
789	46		3
790	45		1
790	47		2
790	46		3
791	45		1
791	47		2
791	46		3
792	45		1
792	47		2
792	46		3
793	45		1
793	46		2
794	45		1
794	46		2
795	45		1
795	46		2
796	45		1
796	47		2
796	46		3
797	14		1
797	47		2
798	14		1
799	23		1
799	45		2
799	47		3
800	23		1
800	45		2
800	47		3
801	23		1
801	45		2
801	47		3
802	46		1
803	46		1
804	45		1
804	46		2
805	45		1
805	47		2
805	46		3
806	7		1
806	47		2
807	23		1
807	45		2
808	45		1
808	46		2
809	45		1
809	46		2
810	7		1
811	45		1
811	46		2
812	45		1
812	46		2
813	46		1
814	46		1
815	47		1
815	46		2
816	47		1
816	46		2
817	46		1
818	46		1
819	47		1
819	46		2
820	46		1
821	46		1
822	47		1
822	46		2
823	47		1
823	46		2
824	45		1
824	47		2
824	46		3
825	47		1
825	46		2
826	47		1
826	46		2
827	45		1
827	47		2
827	46		3
828	46		1
829	45		1
829	47		2
829	46		3
830	45		1
830	46		2
831	46		1
832	45		1
832	47		2
832	46		3
833	18		1
834	46		1
835	46		1
836	18		1
837	18		1
838	18		1
838	45		2
839	47		1
839	46		2
840	47		1
840	46		2
841	18		1
841	45		2
841	47		3
842	46		1
843	45		1
843	46		2
844	45		1
844	47		2
844	46		3
845	45		1
845	47		2
845	46		3
846	13		1
846	45		2
847	46		1
848	45		1
848	46		2
849	45		1
849	47		2
849	46		3
850	46		1
851	13		1
852	23		1
853	23		1
853	45		2
853	47		3
854	23		1
854	45		2
854	47		3
855	23		1
855	45		2
855	47		3
856	47		1
856	46		2
857	45		1
857	47		2
857	46		3
858	45		1
858	47		2
858	46		3
859	46		1
860	23		1
860	45		2
860	47		3
861	23		1
861	47		2
862	23		1
862	45		2
862	47		3
863	23		1
863	47		2
864	45		1
864	47		2
864	46		3
865	45		1
865	46		2
866	23		1
866	45		2
866	47		3
867	23		1
868	23		1
869	46		1
870	23		1
870	47		2
871	23		1
872	23		1
872	45		2
872	47		3
873	23		1
873	45		2
873	47		3
874	47		1
874	46		2
875	23		1
876	47		1
876	46		2
877	46		1
878	23		1
879	47		1
879	46		2
880	47		1
880	46		2
881	47		1
881	46		2
882	23		1
883	23		1
884	23		1
884	47		2
885	14		1
886	17		1
886	45		2
887	14		1
888	14		1
889	46		1
890	17		1
891	47		1
891	46		2
892	46		1
893	17		1
894	17		1
895	45		1
895	47		2
895	46		3
896	46		1
897	46		1
898	46		1
899	46		1
900	46		1
901	46		1
901	35		2
902	46		1
903	10		1
904	46		1
905	46		1
906	46		1
907	17		1
908	17		1
909	46		1
910	17		1
911	46		1
912	14		1
913	14		1
914	14		1
914	47		2
915	46		1
916	14		1
917	14		1
918	45		1
918	46		2
919	45		1
919	46		2
920	14		1
921	14		1
922	45		1
923	14		1
924	46		1
925	18		1
926	18		1
927	18		1
928	18		1
929	18		1
930	18		1
931	18		1
932	18		1
932	47		2
933	10		1
934	14		1
935	53		1
935	31		2
936	53		1
936	34		2
936	31		3
937	53		1
937	31		2
938	53		1
938	31		2
939	53		1
939	31		2
940	53		1
940	31		2
941	53		1
941	34		2
941	31		3
942	53		1
942	31		2
943	53		1
943	31		2
944	53		1
944	31		2
945	53		1
945	31		2
946	53		1
946	31		2
947	53		1
947	31		2
948	53		1
948	31		2
949	53		1
949	54		2
949	34		3
949	31		4
950	53		1
950	54		2
950	31		3
951	53		1
951	31		2
952	53		1
952	31		2
953	55		1
953	56		2
953	31		3
954	55		1
954	56		2
954	31		3
955	31		1
956	53		1
956	54		2
956	34		3
957	53		1
957	54		2
958	53		1
958	31		2
959	53		1
960	53		1
961	53		1
962	53		1
962	31		2
963	53		1
964	53		1
964	31		2
965	53		1
966	53		1
966	31		2
967	53		1
967	34		2
968	53		1
968	54		2
968	31		3
969	53		1
969	54		2
969	31		3
970	53		1
970	54		2
971	53		1
971	54		2
971	31		3
972	53		1
972	54		2
972	31		3
973	53		1
974	53		1
974	54		2
974	31		3
975	53		1
975	54		2
975	31		3
976	53		1
976	31		2
977	53		1
978	53		1
978	54		2
979	53		1
980	53		1
981	53		1
981	57		2
982	53		1
982	57		2
983	53		1
983	57		2
984	53		1
984	57		2
985	53		1
985	57		2
986	53		1
986	57		2
987	53		1
987	57		2
988	53		1
988	57		2
989	53		1
989	57		2
990	53		1
990	57		2
991	53		1
991	57		2
992	53		1
992	57		2
993	53		1
993	57		2
994	53		1
994	57		2
995	53		1
995	57		2
996	53		1
997	53		1
998	53		1
999	53		1
1000	53		1
1001	53		1
1002	53		1
1003	53		1
1004	53		1
1005	53		1
1006	53		1
1007	53		1
1008	53		1
1009	53		1
1010	53		1
1011	53		1
1012	53		1
1013	53		1
1014	58		1
1015	58		1
1016	58		1
1017	58		1
1017	59		2
1018	58		1
1019	54		1
1020	54		1
1021	54		1
1022	54		1
1022	31		2
1023	54		1
1024	54		1
1025	54		1
1026	54		1
1027	54		1
1028	54		1
1029	54		1
1030	53		1
1031	53		1
1032	53		1
1033	53		1
1034	53		1
1034	54		2
1035	53		1
1036	53		1
1037	53		1
1037	31		2
1038	53		1
1039	53		1
1040	53		1
1041	53		1
1042	53		1
1043	53		1
1044	53		1
1045	53		1
1046	53		1
1047	53		1
1048	53		1
1049	53		1
1050	53		1
1051	53		1
1052	53		1
1053	53		1
1054	53		1
1055	53		1
1056	53		1
1057	53		1
1058	53		1
1059	53		1
1060	53		1
1061	53		1
1062	53		1
1063	53		1
1064	53		1
1065	53		1
1066	53		1
1067	53		1
1068	53		1
1069	53		1
1070	53		1
1071	53		1
1072	53		1
1073	53		1
1074	53		1
1075	53		1
1076	53		1
1077	53		1
1078	53		1
1079	53		1
1080	53		1
1081	53		1
1082	53		1
1083	53		1
1084	53		1
1085	53		1
1086	53		1
1087	53		1
1088	53		1
1089	53		1
1090	53		1
1091	53		1
1092	53		1
1093	24		1
1094	24		1
1095	54		1
1096	54		1
1097	54		1
1098	35		1
1099	35		1
1100	35		1
1101	60		1
1102	60		1
1103	60		1
1104	60		1
1105	60		1
1106	60		1
1107	28		1
1107	50		2
1108	28		1
1108	50		2
1108	61		3
1109	28		1
1109	50		2
1110	28		1
1111	28		1
1111	50		2
1112	28		1
1112	50		2
1113	62		1
1114	62		1
1115	62		1
1115	63		2
1116	62		1
1117	62		1
1118	62		1
1118	63		2
1119	62		1
1119	63		2
1120	62		1
1120	63		2
1121	62		1
1121	63		2
1122	62		1
1122	63		2
1123	62		1
1124	62		1
1124	63		2
1125	62		1
1125	63		2
1126	62		1
1126	63		2
1127	62		1
1127	63		2
1128	62		1
1128	63		2
1129	62		1
1129	63		2
1130	62		1
1130	63		2
1131	62		1
1131	63		2
1132	62		1
1132	63		2
1133	62		1
1133	64		2
1133	63		3
1134	62		1
1134	63		2
1135	62		1
1136	62		1
1137	62		1
1137	63		2
1138	62		1
1138	63		2
1139	62		1
1139	64		2
1139	63		3
1140	62		1
1140	63		2
1141	62		1
1142	62		1
1143	62		1
1144	62		1
1145	62		1
1145	63		2
1146	62		1
1146	64		2
1146	63		3
1147	62		1
1148	62		1
1149	62		1
1150	62		1
1151	62		1
1151	63		2
1152	62		1
1152	64		2
1152	63		3
1153	62		1
1154	62		1
1155	62		1
1155	63		2
1156	62		1
1156	63		2
1157	62		1
1157	63		2
1158	62		1
1159	62		1
1159	63		2
1160	62		1
1160	63		2
1161	62		1
1161	63		2
1162	62		1
1162	63		2
1163	62		1
1163	63		2
1164	62		1
1164	64		2
1164	63		3
1165	62		1
1165	63		2
1166	62		1
1166	63		2
1167	62		1
1167	64		2
1167	63		3
1168	62		1
1169	62		1
1169	63		2
1170	62		1
1170	63		2
1171	62		1
1171	63		2
1172	62		1
1173	62		1
1173	63		2
1174	62		1
1175	62		1
1175	63		2
1176	62		1
1176	64		2
1176	63		3
1177	62		1
1177	63		2
1178	62		1
1179	62		1
1180	62		1
1180	63		2
1181	62		1
1181	63		2
1182	62		1
1182	63		2
1183	62		1
1183	63		2
1184	62		1
1184	63		2
1185	62		1
1185	63		2
1186	62		1
1186	63		2
1187	62		1
1187	63		2
1188	62		1
1188	63		2
1189	62		1
1189	63		2
1190	62		1
1190	63		2
1191	62		1
1191	64		2
1191	63		3
1192	62		1
1192	64		2
1192	63		3
1193	62		1
1194	62		1
1195	62		1
1196	62		1
1196	63		2
1197	62		1
1197	63		2
1198	62		1
1198	63		2
1199	62		1
1200	62		1
1201	62		1
1202	62		1
1203	62		1
1203	64		2
1203	63		3
1204	62		1
1204	64		2
1204	63		3
1205	62		1
1205	63		2
1206	62		1
1206	63		2
1207	62		1
1208	62		1
1209	62		1
1210	62		1
1211	62		1
1212	62		1
1212	63		2
1213	62		1
1214	62		1
1215	62		1
1215	63		2
1216	62		1
1216	63		2
1217	62		1
1217	63		2
1218	62		1
1219	62		1
1219	63		2
1220	62		1
1221	62		1
1222	62		1
1222	63		2
1223	62		1
1223	63		2
1224	62		1
1224	64		2
1224	63		3
1225	62		1
1226	62		1
1226	63		2
1227	62		1
1227	64		2
1227	63		3
1228	62		1
1228	64		2
1228	63		3
1229	62		1
1229	63		2
1230	62		1
1231	62		1
1231	63		2
1232	62		1
1233	62		1
1233	63		2
1307	14		1
1308	14		1
1309	14		1
1310	14		1
1310	65		2
1311	14		1
1311	65		2
1311	66		3
1312	14		1
1312	65		2
1313	14		1
1313	65		2
1314	14		1
1314	65		2
1315	14		1
1315	65		2
1316	14		1
1316	65		2
1317	14		1
1317	65		2
1318	14		1
1318	65		2
1319	14		1
1319	65		2
1320	14		1
1320	65		2
1320	67		3
1321	14		1
1321	65		2
1321	67		3
1322	14		1
1322	65		2
1323	14		1
1323	65		2
1324	14		1
1324	65		2
1325	14		1
1325	65		2
1326	14		1
1326	24		2
1326	65		3
1327	14		1
1328	14		1
1328	65		2
1329	14		1
1329	65		2
1330	14		1
1330	65		2
1331	14		1
1331	65		2
1332	14		1
1332	65		2
1333	14		1
1334	14		1
1334	65		2
1335	14		1
1335	65		2
1336	14		1
1337	38		1
1338	2		1
1339	2		1
1340	38		1
1341	2		1
1342	2		1
1343	2		1
1344	38		1
1345	2		1
1346	2		1
1347	38		1
1348	2		1
1349	38		1
1350	2		1
1351	2		1
1352	2		1
1353	2		1
1354	2		1
1355	2		1
1356	2		1
1357	2		1
1358	38		1
1359	2		1
1360	2		1
1361	2		1
1362	2		1
1363	2		1
1364	2		1
1365	38		1
1366	47		1
1367	34		1
1368	34		1
1369	34		1
1370	34		1
1371	34		1
1372	34		1
1373	34		1
1374	34		1
1375	34		1
1376	34		1
1377	34		1
1378	34		1
1379	34		1
1380	34		1
1381	34		1
1382	34		1
1383	34		1
1384	34		1
1385	11		1
1386	11		1
1387	11		1
1388	24		1
1389	24		1
1389	37		2
1390	68		1
1391	68		1
1392	68		1
1393	68		1
1394	68		1
1395	68		1
1396	68		1
1397	69		1
1398	69		1
1399	69		1
1400	69		1
1400	70		2
1401	69		1
1401	70		2
1402	69		1
1403	69		1
1404	69		1
1405	69		1
1406	69		1
1407	69		1
1408	69		1
1409	69		1
1409	70		2
1410	69		1
1411	69		1
1412	69		1
1413	69		1
1414	69		1
1415	69		1
1416	69		1
1417	69		1
1418	69		1
1419	69		1
1420	69		1
1421	71		1
1421	69		2
1422	69		1
1423	69		1
1424	69		1
1424	70		2
1425	69		1
1426	69		1
1426	70		2
1427	69		1
1428	71		1
1428	69		2
1429	71		1
1429	69		2
1430	71		1
1430	69		2
1431	69		1
1432	69		1
1433	69		1
1434	69		1
1435	69		1
1436	69		1
1437	69		1
1437	72		2
1438	69		1
1438	72		2
1439	69		1
1439	72		2
1440	69		1
1440	72		2
1440	70		3
1441	69		1
1441	72		2
1442	69		1
1442	72		2
1443	69		1
1443	72		2
1444	69		1
1444	72		2
1444	70		3
1445	69		1
1445	72		2
1446	69		1
1446	72		2
1447	69		1
1447	72		2
1448	69		1
1448	72		2
1449	69		1
1449	72		2
1450	69		1
1450	72		2
1451	69		1
1451	72		2
1452	69		1
1452	72		2
1453	69		1
1453	72		2
1454	69		1
1454	72		2
1455	69		1
1455	72		2
1456	69		1
1456	72		2
1457	73		1
1457	63		2
1458	74		1
1459	74		1
1459	49		2
1459	50		3
1460	26		1
1461	26		1
1462	26		1
1463	26		1
1464	26		1
1464	61		2
1465	26		1
1466	26		1
1466	50		2
1467	75		1
1467	65		2
1468	75		1
1468	65		2
1469	75		1
1469	65		2
1470	76		1
1471	76		1
1472	76		1
1473	76		1
1474	76		1
1475	76		1
1476	76		1
1477	76		1
1478	76		1
1479	76		1
1480	76		1
1481	76		1
1482	76		1
1483	76		1
1484	76		1
1485	76		1
1486	76		1
1487	76		1
1488	76		1
1489	76		1
1490	76		1
1491	76		1
1492	76		1
1493	76		1
1494	76		1
1495	76		1
1496	70		1
1496	76		2
1497	76		1
1498	76		1
1499	76		1
1500	76		1
1501	76		1
1502	76		1
1503	76		1
1504	76		1
1505	76		1
1506	76		1
1507	76		1
1508	76		1
1509	76		1
1510	76		1
1511	76		1
1512	70		1
1512	76		2
1513	76		1
1577	51		1
1578	51		1
1579	51		1
1580	51		1
1581	51		1
1581	37		2
1582	51		1
1583	51		1
1583	46		2
1584	51		1
1585	51		1
1586	51		1
1587	51		1
1588	51		1
1589	51		1
1590	51		1
1591	51		1
1591	49		2
1591	50		3
1592	51		1
1593	51		1
1594	51		1
1595	51		1
1596	51		1
1597	77		1
1598	77		1
1599	77		1
1600	77		1
1601	77		1
1602	77		1
1603	77		1
1604	77		1
1605	77		1
1606	77		1
1606	78		2
1607	77		1
1607	79		2
1608	77		1
1609	77		1
1610	77		1
1610	79		2
1611	77		1
1612	77		1
1612	78		2
1613	77		1
1614	77		1
1615	80		1
1616	80		1
1617	80		1
1618	80		1
1619	80		1
1620	80		1
1621	80		1
1622	80		1
1623	80		1
1624	80		1
1625	80		1
1626	80		1
1627	80		1
1628	80		1
1629	80		1
1630	80		1
1631	80		1
1632	80		1
1633	80		1
1634	80		1
1635	80		1
1636	80		1
1637	80		1
1638	80		1
1639	80		1
1640	80		1
1641	80		1
1642	80		1
1643	80		1
1644	80		1
1645	80		1
1646	80		1
1647	80		1
1648	37		1
1649	37		1
1650	37		1
1651	37		1
1652	37		1
1653	37		1
1653	49		2
1653	50		3
1654	37		1
1654	49		2
1654	50		3
1655	37		1
1656	37		1
1656	50		2
1657	37		1
1657	50		2
1658	37		1
1658	46		2
1659	37		1
1659	65		2
1660	37		1
1660	49		2
1660	50		3
1661	37		1
1662	37		1
1662	49		2
1662	50		3
1663	70		1
1663	76		2
1664	76		1
1665	76		1
1666	76		1
1667	76		1
1668	76		1
1669	76		1
1670	76		1
1671	76		1
1672	76		1
1673	76		1
1674	76		1
1675	76		1
1676	76		1
1677	76		1
1678	76		1
1679	70		1
1679	76		2
1680	70		1
1680	76		2
1681	70		1
1681	76		2
1682	76		1
1683	76		1
1684	76		1
1685	70		1
1685	76		2
1686	76		1
1687	70		1
1687	76		2
1688	70		1
1688	76		2
1689	76		1
1690	70		1
1690	76		2
1691	70		1
1691	76		2
1692	76		1
1693	70		1
1693	76		2
1694	76		1
1695	76		1
1696	76		1
1697	76		1
1698	76		1
1699	76		1
1700	76		1
1701	76		1
1702	76		1
1703	76		1
1704	76		1
1705	76		1
1706	76		1
1707	76		1
1708	76		1
1709	76		1
1710	76		1
1711	76		1
1712	76		1
1713	76		1
1714	76		1
1715	76		1
1716	76		1
1717	76		1
1718	70		1
1718	76		2
1719	76		1
1720	76		1
1721	76		1
1722	76		1
1723	76		1
1724	76		1
1725	76		1
1726	76		1
1727	76		1
1728	76		1
1729	76		1
1730	76		1
1731	76		1
1732	76		1
1733	76		1
1734	76		1
1735	76		1
1736	76		1
1737	76		1
1738	76		1
1739	76		1
1740	76		1
1741	76		1
1742	76		1
1743	76		1
1744	76		1
1745	76		1
1746	76		1
1747	76		1
1748	70		1
1748	76		2
1749	76		1
1750	70		1
1750	76		2
1751	76		1
1752	76		1
1753	76		1
1754	76		1
1755	76		1
1756	76		1
1757	76		1
1758	76		1
1759	76		1
1760	76		1
1761	76		1
1762	76		1
1763	76		1
1764	76		1
1765	76		1
1766	76		1
1767	76		1
1768	76		1
1769	76		1
1770	70		1
1770	76		2
1771	76		1
1772	76		1
1773	76		1
1774	76		1
1775	76		1
1776	76		1
1777	76		1
1778	76		1
1779	76		1
1780	76		1
1781	65		1
1782	65		1
1783	65		1
1784	65		1
1785	65		1
1786	65		1
1787	65		1
1788	65		1
1789	65		1
1790	65		1
1791	65		1
1792	65		1
1793	65		1
1794	65		1
1795	65		1
1796	65		1
1797	65		1
1798	65		1
1799	65		1
1800	65		1
1801	65		1
1801	67		2
1802	65		1
1802	67		2
1803	65		1
1804	65		1
1804	67		2
1805	65		1
1805	67		2
1806	65		1
1806	67		2
1807	65		1
1808	65		1
1809	65		1
1810	65		1
1811	65		1
1812	65		1
1813	65		1
1814	65		1
1815	65		1
1816	65		1
1817	65		1
1818	65		1
1819	65		1
1820	65		1
1821	65		1
1822	65		1
1823	65		1
1824	65		1
1825	65		1
1826	65		1
1827	65		1
1828	65		1
1829	65		1
1830	65		1
1831	65		1
1832	65		1
1833	65		1
1834	65		1
1835	65		1
1836	65		1
1837	65		1
1838	65		1
1839	65		1
1840	65		1
1841	65		1
1842	65		1
1843	65		1
1844	65		1
1845	65		1
1846	65		1
1847	65		1
1848	65		1
1849	65		1
1850	65		1
1851	65		1
1852	65		1
1853	65		1
1854	65		1
1855	65		1
1856	65		1
1857	65		1
1858	65		1
1859	65		1
1860	65		1
1861	65		1
1862	65		1
1863	65		1
1864	65		1
1865	65		1
1866	65		1
1867	65		1
1868	65		1
1869	65		1
1870	65		1
1871	65		1
1872	65		1
1873	65		1
1874	65		1
1875	65		1
1876	65		1
1877	65		1
1878	65		1
1879	65		1
1880	65		1
1881	65		1
1882	65		1
1883	65		1
1884	65		1
1885	65		1
1886	65		1
1887	65		1
1887	67		2
1888	65		1
1889	65		1
1890	65		1
1890	67		2
1891	65		1
1892	65		1
1893	65		1
1894	65		1
1895	65		1
1896	65		1
1897	65		1
1898	65		1
1899	65		1
1900	65		1
1901	65		1
1902	65		1
1903	65		1
1904	65		1
1905	65		1
1906	65		1
1907	65		1
1908	65		1
1909	65		1
1909	67		2
1910	65		1
1911	65		1
1911	67		2
1912	65		1
1913	65		1
1914	65		1
1915	65		1
1916	65		1
1917	65		1
1918	65		1
1919	65		1
1920	65		1
1921	65		1
1922	65		1
1923	65		1
1924	65		1
1925	65		1
1926	65		1
1927	65		1
1928	65		1
1929	65		1
1930	65		1
1931	65		1
1932	65		1
1933	65		1
1934	65		1
1935	65		1
1936	65		1
1937	65		1
1938	65		1
1939	65		1
1940	65		1
1941	65		1
1942	65		1
1943	65		1
1944	65		1
1945	65		1
1946	65		1
1947	65		1
1948	65		1
1949	65		1
1950	65		1
1951	65		1
1952	65		1
1953	65		1
1954	65		1
1955	65		1
1956	65		1
1957	65		1
1958	65		1
1959	65		1
1960	65		1
1961	65		1
1962	65		1
1963	65		1
1964	65		1
1965	65		1
1966	65		1
1967	65		1
1968	65		1
1969	65		1
1970	65		1
1971	65		1
1972	65		1
1973	65		1
1973	81		2
1974	75		1
1974	65		2
1975	75		1
1975	65		2
1976	75		1
1976	65		2
1977	75		1
1977	65		2
1978	75		1
1978	65		2
1979	75		1
1979	65		2
1980	75		1
1980	65		2
1981	75		1
1981	65		2
1982	75		1
1982	65		2
1983	75		1
1983	65		2
1984	75		1
1984	65		2
1985	75		1
1985	65		2
1986	75		1
1986	65		2
1987	75		1
1987	65		2
1988	75		1
1988	65		2
1989	75		1
1989	65		2
1990	75		1
1990	65		2
1991	75		1
1991	65		2
1992	75		1
1992	65		2
1993	75		1
1993	65		2
1994	75		1
1994	65		2
1995	75		1
1995	65		2
1996	75		1
1996	65		2
1997	75		1
1997	65		2
1998	75		1
1998	65		2
1999	75		1
1999	65		2
2000	75		1
2000	65		2
2001	75		1
2001	65		2
2002	75		1
2002	65		2
2003	75		1
2003	65		2
2004	75		1
2004	65		2
2005	75		1
2005	65		2
2006	75		1
2006	65		2
2007	75		1
2007	65		2
2008	75		1
2008	65		2
2009	75		1
2009	65		2
2010	75		1
2010	65		2
2011	75		1
2011	65		2
2012	75		1
2012	65		2
2013	75		1
2013	65		2
2014	75		1
2014	65		2
2015	75		1
2015	65		2
2016	65		1
2017	65		1
2018	65		1
2019	75		1
2019	65		2
2020	75		1
2020	65		2
2021	75		1
2021	65		2
2022	75		1
2022	65		2
2023	75		1
2023	65		2
2024	75		1
2024	65		2
2025	75		1
2025	65		2
2026	75		1
2026	65		2
2027	75		1
2027	65		2
2028	75		1
2028	65		2
2029	75		1
2029	65		2
2030	75		1
2030	65		2
2031	75		1
2031	65		2
2032	75		1
2032	65		2
2033	75		1
2033	65		2
2034	75		1
2034	65		2
2035	75		1
2035	65		2
2036	75		1
2036	65		2
2037	75		1
2037	65		2
2038	75		1
2038	65		2
2039	75		1
2039	65		2
2040	75		1
2040	65		2
2041	65		1
2042	65		1
2043	65		1
2044	65		1
2045	65		1
2046	65		1
2047	65		1
2048	65		1
2050	76		1
2052	82		1
2052	76		2
2053	82		1
2055	82		1
2055	76		2
2056	82		1
2056	76		2
2057	82		1
2057	76		2
2058	82		1
2058	76		2
2060	82		1
2061	82		1
2062	82		1
2066	82		1
2067	82		1
2067	76		2
2068	82		1
2068	76		2
2069	82		1
2070	82		1
2071	82		1
2072	82		1
2073	82		1
2074	82		1
2074	76		2
2075	82		1
2075	76		2
2076	82		1
2077	82		1
2078	82		1
2078	76		2
2079	82		1
2080	82		1
2081	82		1
2081	70		2
2081	76		3
2082	82		1
2083	76		1
2084	76		1
2085	76		1
2086	76		1
2087	76		1
2088	76		1
2089	76		1
2090	76		1
2092	76		1
2096	76		1
2097	76		1
2101	76		1
2103	76		1
2108	82		1
2108	76		2
2109	82		1
2109	70		2
2109	76		3
2110	76		1
2122	76		1
2124	76		1
2126	76		1
2127	76		1
2128	76		1
2142	82		1
2142	76		2
2143	82		1
2143	76		2
2144	82		1
2145	82		1
2146	82		1
2147	82		1
2147	76		2
2148	82		1
2149	82		1
2150	82		1
2150	76		2
2153	76		1
2155	82		1
2155	76		2
2156	82		1
2156	76		2
2157	76		1
2158	82		1
2158	76		2
2159	82		1
2159	76		2
2161	82		1
2161	76		2
2162	82		1
2162	76		2
2163	82		1
2163	76		2
2164	82		1
2164	76		2
2165	82		1
2166	82		1
2166	76		2
2167	82		1
2167	76		2
2168	82		1
2169	82		1
2182	76		1
2186	76		1
2188	76		1
2190	76		1
2191	76		1
2193	76		1
2194	70		1
2194	76		2
2203	76		1
2208	76		1
2209	76		1
2215	70		1
2215	76		2
2216	70		1
2217	82		1
2217	70		2
2217	76		3
2218	82		1
2219	82		1
2220	82		1
2221	82		1
2222	82		1
2223	82		1
2224	82		1
2225	82		1
2226	82		1
2227	82		1
2228	82		1
2229	82		1
2230	82		1
2231	82		1
2232	82		1
2233	82		1
2234	82		1
2235	82		1
2236	82		1
2237	82		1
2238	82		1
2239	82		1
2240	82		1
2241	82		1
2242	82		1
2243	82		1
2244	82		1
2245	82		1
2246	82		1
2247	82		1
2248	82		1
2249	82		1
2250	82		1
2251	82		1
2252	82		1
2253	82		1
2254	82		1
2255	82		1
2256	82		1
2257	82		1
2258	82		1
2259	82		1
2260	82		1
2261	82		1
2262	83		1
2263	83		1
2264	83		1
2265	83		1
2266	83		1
2266	27		2
2267	83		1
2268	83		1
2269	83		1
2270	83		1
2271	84		1
2271	31		2
2272	84		1
2272	31		2
2273	84		1
2273	31		2
2274	85		1
2275	85		1
2276	85		1
2277	85		1
2278	85		1
2279	85		1
2280	85		1
2281	85		1
2282	85		1
2283	85		1
2284	85		1
2285	85		1
2286	85		1
2287	85		1
2288	85		1
2289	85		1
2290	85		1
2291	85		1
2292	85		1
2293	85		1
2294	85		1
2295	85		1
2296	85		1
2297	85		1
2298	85		1
2299	85		1
2300	85		1
2301	85		1
2302	85		1
2303	85		1
2304	85		1
2305	85		1
2306	85		1
2307	85		1
2308	85		1
2309	85		1
2310	85		1
2311	85		1
2312	85		1
2313	85		1
2314	85		1
2315	85		1
2316	85		1
2317	85		1
2318	85		1
2319	85		1
2320	85		1
2321	85		1
2322	85		1
2323	85		1
2324	85		1
2325	85		1
2326	85		1
2327	85		1
2328	37		1
2329	37		1
2329	49		2
2329	15		3
2329	50		4
2330	37		1
2331	15		1
2332	15		1
2333	15		1
2333	49		2
2334	15		1
2335	15		1
2335	50		2
2336	36		1
2336	77		2
2336	86		3
2336	87		4
2337	36		1
2337	77		2
2337	87		3
2338	77		1
2338	86		2
2338	87		3
2339	36		1
2339	77		2
2339	86		3
2339	87		4
2340	36		1
2340	87		2
2341	36		1
2341	77		2
2341	86		3
2341	87		4
2342	36		1
2342	77		2
2342	86		3
2342	87		4
2343	36		1
2343	77		2
2343	86		3
2343	87		4
2344	36		1
2344	77		2
2344	86		3
2344	87		4
2345	36		1
2345	77		2
2345	86		3
2345	87		4
2346	36		1
2346	77		2
2346	86		3
2346	87		4
2347	36		1
2347	77		2
2347	86		3
2347	87		4
2348	81		1
2349	81		1
2350	81		1
2351	81		1
2352	81		1
2353	81		1
2354	81		1
2355	81		1
2356	81		1
2357	81		1
2358	81		1
2359	81		1
2360	81		1
2361	81		1
2362	81		1
2363	81		1
2364	81		1
2365	81		1
2366	47		1
2366	81		2
2367	81		1
2368	81		1
2369	81		1
2370	81		1
2371	81		1
2372	81		1
2373	81		1
2374	81		1
2375	81		1
2376	81		1
2377	81		1
2378	47		1
2378	81		2
2379	81		1
2380	81		1
2381	81		1
2382	47		1
2382	81		2
2383	81		1
2384	81		1
2385	81		1
2386	81		1
2387	81		1
2388	81		1
2389	81		1
2390	81		1
2391	81		1
2392	81		1
2393	81		1
2394	81		1
2395	81		1
2396	81		1
2397	81		1
2398	81		1
2399	81		1
2400	81		1
2401	81		1
2402	81		1
2403	81		1
2404	81		1
2405	81		1
2406	81		1
2407	81		1
2408	81		1
2409	81		1
2410	81		1
2411	81		1
2412	81		1
2413	81		1
2414	81		1
2415	81		1
2416	81		1
2417	81		1
2418	81		1
2419	81		1
2420	81		1
2421	81		1
2422	47		1
2422	81		2
2423	81		1
2424	81		1
2425	81		1
2426	81		1
2427	81		1
2428	81		1
2429	81		1
2430	81		1
2431	81		1
2432	81		1
2433	81		1
2434	81		1
2435	81		1
2436	81		1
2437	81		1
2438	81		1
2439	81		1
2440	81		1
2441	81		1
2442	81		1
2443	47		1
2443	81		2
2444	81		1
2445	81		1
2446	81		1
2447	81		1
2448	81		1
2449	81		1
2450	81		1
2451	81		1
2452	81		1
2453	81		1
2454	81		1
2455	81		1
2456	81		1
2457	81		1
2458	81		1
2459	81		1
2460	81		1
2461	81		1
2462	81		1
2463	81		1
2464	81		1
2465	81		1
2466	81		1
2467	81		1
2468	81		1
2469	81		1
2470	81		1
2471	81		1
2472	81		1
2473	81		1
2474	81		1
2475	81		1
2476	81		1
2477	81		1
2478	81		1
2479	81		1
2480	81		1
2481	81		1
2482	81		1
2483	81		1
2484	81		1
2485	81		1
2486	81		1
2487	81		1
2488	81		1
2489	81		1
2490	81		1
2491	81		1
2492	81		1
2493	81		1
2494	81		1
2495	81		1
2496	81		1
2497	81		1
2498	81		1
2499	81		1
2500	81		1
2501	81		1
2502	81		1
2503	81		1
2504	81		1
2505	81		1
2506	81		1
2507	81		1
2508	81		1
2509	81		1
2510	47		1
2510	81		2
2511	81		1
2512	81		1
2513	81		1
2514	81		1
2515	81		1
2516	81		1
2517	81		1
2518	81		1
2519	81		1
2520	81		1
2521	81		1
2522	81		1
2523	81		1
2524	81		1
2525	81		1
2526	81		1
2527	81		1
2528	81		1
2529	81		1
2530	81		1
2531	81		1
2532	81		1
2533	81		1
2534	81		1
2535	81		1
2536	81		1
2537	81		1
2538	81		1
2539	81		1
2540	81		1
2541	81		1
2542	81		1
2543	81		1
2544	81		1
2545	81		1
2546	81		1
2547	81		1
2548	47		1
2548	81		2
2549	81		1
2550	81		1
2551	81		1
2552	81		1
2553	81		1
2554	81		1
2555	81		1
2556	81		1
2557	81		1
2558	81		1
2559	81		1
2560	81		1
2561	81		1
2562	81		1
2563	81		1
2564	81		1
2565	81		1
2566	47		1
2566	81		2
2567	81		1
2568	81		1
2569	81		1
2570	81		1
2571	81		1
2572	81		1
2573	81		1
2574	81		1
2575	81		1
2576	81		1
2577	81		1
2578	47		1
2578	81		2
2579	81		1
2580	81		1
2581	81		1
2582	81		1
2583	81		1
2584	81		1
2585	81		1
2586	81		1
2587	81		1
2588	81		1
2589	81		1
2590	81		1
2591	81		1
2592	81		1
2593	81		1
2594	81		1
2595	81		1
2596	81		1
2597	81		1
2598	81		1
2599	81		1
2600	81		1
2601	81		1
2602	81		1
2603	81		1
2604	81		1
2605	81		1
2606	81		1
2607	47		1
2607	81		2
2608	81		1
2609	81		1
2610	81		1
2611	81		1
2612	81		1
2613	81		1
2614	81		1
2615	81		1
2616	81		1
2617	81		1
2618	81		1
2619	81		1
2620	81		1
2621	81		1
2622	81		1
2623	81		1
2624	81		1
2625	81		1
2626	81		1
2627	81		1
2628	81		1
2629	81		1
2630	47		1
2630	81		2
2631	81		1
2632	81		1
2633	81		1
2634	81		1
2635	81		1
2636	81		1
2637	81		1
2638	81		1
2639	81		1
2640	81		1
2641	81		1
2642	81		1
2643	81		1
2644	81		1
2645	81		1
2646	81		1
2647	81		1
2648	81		1
2649	81		1
2650	81		1
2651	81		1
2652	81		1
2653	81		1
2654	81		1
2655	81		1
2656	81		1
2657	81		1
2658	81		1
2659	81		1
2660	81		1
2661	81		1
2662	81		1
2663	81		1
2664	81		1
2665	81		1
2666	81		1
2667	81		1
2668	81		1
2669	81		1
2670	81		1
2671	81		1
2672	47		1
2672	81		2
2673	81		1
2674	81		1
2675	47		1
2675	81		2
2676	81		1
2677	81		1
2678	81		1
2679	81		1
2680	81		1
2681	81		1
2682	81		1
2683	81		1
2684	81		1
2685	81		1
2686	81		1
2687	81		1
2688	81		1
2689	81		1
2690	81		1
2691	81		1
2692	81		1
2693	81		1
2694	81		1
2695	81		1
2696	81		1
2697	81		1
2698	81		1
2699	81		1
2700	81		1
2701	81		1
2702	81		1
2703	81		1
2704	81		1
2705	81		1
2706	81		1
2707	81		1
2708	81		1
2709	81		1
2710	81		1
2711	81		1
2712	81		1
2713	81		1
2714	81		1
2715	81		1
2716	81		1
2717	81		1
2718	81		1
2719	81		1
2720	81		1
2721	81		1
2722	81		1
2723	81		1
2724	81		1
2725	81		1
2726	81		1
2727	81		1
2728	81		1
2729	81		1
2730	81		1
2731	81		1
2732	81		1
2733	81		1
2734	81		1
2735	81		1
2736	81		1
2737	81		1
2738	81		1
2739	81		1
2740	81		1
2741	81		1
2742	81		1
2743	81		1
2744	81		1
2745	81		1
2746	81		1
2747	81		1
2748	81		1
2749	81		1
2750	81		1
2751	81		1
2752	81		1
2753	81		1
2754	81		1
2755	81		1
2756	47		1
2756	81		2
2757	81		1
2758	81		1
2759	81		1
2760	81		1
2761	81		1
2762	81		1
2763	81		1
2764	81		1
2765	81		1
2766	81		1
2767	81		1
2768	81		1
2769	81		1
2770	81		1
2771	81		1
2772	81		1
2773	81		1
2774	81		1
2775	81		1
2776	81		1
2777	81		1
2778	81		1
2779	81		1
2780	81		1
2781	81		1
2782	81		1
2783	81		1
2784	81		1
2785	81		1
2786	81		1
2787	81		1
2788	81		1
2789	81		1
2790	81		1
2791	81		1
2792	81		1
2793	81		1
2794	81		1
2795	81		1
2796	47		1
2796	81		2
2797	81		1
2798	81		1
2799	81		1
2800	81		1
2801	81		1
2802	81		1
2803	81		1
2804	81		1
2805	81		1
2806	81		1
2807	81		1
2808	81		1
2809	81		1
2810	81		1
2811	81		1
2812	81		1
2813	81		1
2814	81		1
2815	81		1
2816	81		1
2817	81		1
2818	81		1
2819	81		1
2820	81		1
2821	81		1
2822	47		1
2822	81		2
2823	81		1
2824	81		1
2825	81		1
2826	81		1
2827	81		1
2828	81		1
2829	81		1
2830	81		1
2831	81		1
2832	81		1
2833	81		1
2834	81		1
2835	81		1
2836	81		1
2837	81		1
2838	81		1
2839	81		1
2840	81		1
2841	81		1
2842	81		1
2843	81		1
2844	81		1
2845	81		1
2846	81		1
2847	81		1
2848	81		1
2849	81		1
2850	81		1
2851	81		1
2852	81		1
2853	81		1
2854	81		1
2855	81		1
2856	81		1
2857	81		1
2858	81		1
2859	81		1
2860	81		1
2861	81		1
2862	81		1
2863	81		1
2864	81		1
2865	47		1
2865	81		2
2866	81		1
2867	81		1
2868	81		1
2869	81		1
2870	47		1
2870	81		2
2871	81		1
2872	81		1
2873	81		1
2874	81		1
2875	81		1
2876	81		1
2877	81		1
2878	81		1
2879	81		1
2880	81		1
2881	81		1
2882	81		1
2883	81		1
2884	81		1
2885	81		1
2886	81		1
2887	81		1
2888	81		1
2889	81		1
2890	81		1
2891	81		1
2892	81		1
2893	81		1
2894	81		1
2895	81		1
2896	81		1
2897	81		1
2898	81		1
2899	81		1
2900	81		1
2901	81		1
2902	81		1
2903	81		1
2904	81		1
2905	81		1
2906	81		1
2907	81		1
2908	81		1
2909	81		1
2910	81		1
2911	81		1
2912	81		1
2913	81		1
2914	81		1
2915	81		1
2916	81		1
2917	81		1
2918	81		1
2919	81		1
2920	81		1
2921	81		1
2922	81		1
2923	81		1
2924	81		1
2925	81		1
2926	81		1
2927	81		1
2928	81		1
2929	81		1
2930	81		1
2931	81		1
2932	81		1
2933	81		1
2934	81		1
2935	81		1
2936	81		1
2937	81		1
2938	81		1
2939	81		1
2940	81		1
2941	81		1
2942	81		1
2943	81		1
2944	81		1
2945	81		1
2946	81		1
2947	81		1
2948	81		1
2949	81		1
2950	81		1
2951	81		1
2952	81		1
2953	81		1
2954	81		1
2955	81		1
2956	81		1
2957	81		1
2958	81		1
2959	81		1
2960	81		1
2961	81		1
2962	81		1
2963	81		1
2964	81		1
2965	81		1
2966	81		1
2967	81		1
2968	81		1
2969	81		1
2970	81		1
2971	81		1
2972	81		1
2973	81		1
2974	81		1
2975	81		1
2976	81		1
2977	81		1
2978	81		1
2979	81		1
2980	81		1
2981	81		1
2982	81		1
2983	81		1
2984	81		1
2985	81		1
2986	81		1
2987	49		1
2988	49		1
2989	49		1
2990	49		1
2991	49		1
2992	49		1
2993	49		1
2994	49		1
2995	49		1
2996	49		1
2996	50		2
2997	49		1
2997	50		2
2998	49		1
2998	50		2
2999	49		1
3000	49		1
3001	49		1
3001	50		2
3002	49		1
3003	49		1
3004	49		1
3005	49		1
3006	49		1
3007	49		1
3008	49		1
3009	49		1
3010	49		1
3011	49		1
3012	49		1
3013	49		1
3014	49		1
3015	49		1
3016	49		1
3017	49		1
3018	49		1
3019	49		1
3020	49		1
3021	49		1
3022	49		1
3023	49		1
3024	49		1
3025	49		1
3026	49		1
3027	49		1
3028	49		1
3029	49		1
3030	49		1
3031	49		1
3032	49		1
3033	49		1
3034	49		1
3035	49		1
3036	49		1
3037	49		1
3038	49		1
3039	49		1
3040	49		1
3041	49		1
3042	49		1
3043	49		1
3044	49		1
3045	49		1
3046	49		1
3047	49		1
3048	49		1
3049	49		1
3050	49		1
3051	51		1
3051	49		2
3051	50		3
3052	49		1
3052	50		2
3053	49		1
3054	49		1
3055	49		1
3056	49		1
3057	49		1
3058	49		1
3059	49		1
3060	49		1
3061	49		1
3062	49		1
3063	49		1
3064	49		1
3065	88		1
3066	88		1
3067	88		1
3068	88		1
3069	89		1
3070	89		1
3070	90		2
3119	91		1
3248	14		1
3339	50		1
3340	50		1
3341	50		1
3342	50		1
3343	50		1
3344	50		1
3345	50		1
3346	50		1
3349	50		1
3350	50		1
3351	50		1
3352	50		1
3353	50		1
3355	50		1
3355	27		2
3357	92		1
3358	92		1
3359	92		1
3360	92		1
3361	92		1
3362	92		1
3363	92		1
3364	92		1
3365	92		1
3366	92		1
3367	92		1
3368	92		1
3369	92		1
3370	92		1
3371	92		1
3372	92		1
3373	92		1
3374	92		1
3375	92		1
3376	81		1
3377	50		1
3377	90		2
3378	50		1
3379	50		1
3380	50		1
3381	50		1
3381	90		2
3382	50		1
3382	27		2
3382	90		3
3383	50		1
3383	27		2
3383	90		3
3384	50		1
3384	90		2
3385	50		1
3385	27		2
3385	90		3
3386	50		1
3387	50		1
3388	50		1
3389	50		1
3390	50		1
3391	50		1
3392	37		1
3393	50		1
3394	50		1
3394	27		2
3395	50		1
3395	27		2
3396	50		1
3397	50		1
3398	50		1
3399	50		1
3399	27		2
3400	50		1
3401	50		1
3401	27		2
3401	90		3
3402	50		1
3403	50		1
3404	50		1
3405	50		1
3406	50		1
3407	50		1
3408	50		1
3409	50		1
3410	50		1
3411	50		1
3411	46		2
3412	50		1
3413	50		1
3414	50		1
3415	50		1
3415	46		2
3416	50		1
3417	50		1
3418	50		1
3419	93		1
3420	93		1
3421	93		1
3422	93		1
3423	93		1
3424	93		1
3425	93		1
3426	93		1
3427	93		1
3428	93		1
3429	93		1
3430	93		1
3431	93		1
3432	93		1
3433	93		1
3434	93		1
3435	93		1
3436	93		1
3437	93		1
3438	93		1
3439	93		1
3440	93		1
3441	93		1
3442	93		1
3443	93		1
3444	93		1
3445	93		1
3446	93		1
3447	93		1
3448	93		1
3449	93		1
3450	93		1
3451	93		1
3452	93		1
3453	93		1
3454	93		1
3455	93		1
3456	93		1
3457	93		1
3458	93		1
3459	93		1
3460	93		1
3461	93		1
3462	93		1
3463	93		1
3464	93		1
3465	93		1
3466	93		1
3467	93		1
3468	93		1
3469	93		1
3470	93		1
3471	93		1
3472	93		1
3473	93		1
3474	93		1
3475	93		1
3476	93		1
3477	93		1
3478	93		1
3479	93		1
3480	93		1
3481	93		1
3482	93		1
3483	93		1
3484	93		1
3485	93		1
3486	93		1
3487	93		1
3488	93		1
3489	93		1
3490	93		1
3491	93		1
3492	93		1
3493	93		1
3494	93		1
3495	93		1
3496	93		1
3497	93		1
3498	93		1
3499	93		1
3500	93		1
3501	93		1
3502	93		1
3503	93		1
3504	93		1
3505	93		1
3506	93		1
3507	93		1
3508	93		1
3509	93		1
3510	93		1
3511	93		1
3512	93		1
3513	93		1
3514	93		1
3515	93		1
3516	93		1
3517	93		1
3518	93		1
3519	93		1
3520	93		1
3521	93		1
3522	93		1
3523	93		1
3524	93		1
3525	93		1
3526	93		1
3527	93		1
3528	93		1
3529	93		1
3530	93		1
3531	93		1
3532	93		1
3533	93		1
3534	93		1
3535	93		1
3536	93		1
3537	93		1
3538	93		1
3539	93		1
3540	93		1
3541	93		1
3542	93		1
3543	93		1
3544	93		1
3545	93		1
3546	93		1
3547	93		1
3548	50		1
3549	79		1
3550	79		1
3551	94		1
3552	67		1
3553	67		1
3554	67		1
3555	67		1
3557	64		1
3561	63		1
3576	63		1
3578	27		1
3580	27		1
3581	46		1
3582	46		1
3583	46		1
3584	46		1
3585	46		1
3586	46		1
3587	59		1
3587	95		2
3588	59		1
3588	95		2
3589	59		1
3589	95		2
3590	59		1
3590	95		2
3591	59		1
3591	95		2
3592	59		1
3592	95		2
3593	59		1
3593	95		2
3594	59		1
3594	95		2
3595	59		1
3595	95		2
3596	59		1
3596	95		2
3597	59		1
3597	95		2
3598	59		1
3598	95		2
3599	59		1
3600	59		1
3601	59		1
3602	59		1
3603	59		1
3604	59		1
3605	59		1
3606	59		1
3607	59		1
3608	59		1
3609	59		1
3610	59		1
3611	59		1
3612	59		1
3613	59		1
3614	59		1
3615	96		1
3616	96		1
3617	96		1
3618	96		1
3619	96		1
3620	96		1
3621	96		1
3622	97		1
3623	97		1
3624	27		1
3625	97		1
3626	27		1
3627	27		1
3628	27		1
3629	96		1
3630	27		1
3631	27		1
3631	96		2
3632	27		1
3632	96		2
3633	27		1
3633	96		2
3634	27		1
3634	96		2
3635	96		1
3636	96		1
3637	97		1
3638	27		1
3638	96		2
3639	27		1
3639	96		2
3640	96		1
3641	96		1
3642	96		1
3643	27		1
3644	27		1
3644	96		2
3645	96		1
3646	27		1
3647	27		1
3647	96		2
3647	90		3
3648	96		1
3649	27		1
3649	96		2
3649	90		3
3650	27		1
3651	27		1
3652	27		1
3653	27		1
3654	27		1
3655	27		1
3656	27		1
3657	27		1
3658	27		1
3659	27		1
3660	27		1
3661	27		1
3662	27		1
3663	27		1
3664	27		1
3665	27		1
3666	27		1
3667	27		1
3668	27		1
3669	27		1
3670	27		1
3671	27		1
3672	27		1
3673	27		1
3674	27		1
3675	27		1
3676	27		1
3677	27		1
3677	90		2
3678	27		1
3679	27		1
3680	27		1
3681	27		1
3682	27		1
3683	27		1
3684	27		1
3685	27		1
3686	27		1
3687	27		1
3688	27		1
3689	27		1
3690	27		1
3690	90		2
3691	27		1
3692	27		1
3693	27		1
3694	27		1
3695	27		1
3696	27		1
3697	27		1
3698	27		1
3699	27		1
3700	27		1
3701	27		1
3702	27		1
3703	27		1
3703	90		2
3704	27		1
3705	27		1
3706	27		1
3707	27		1
3708	27		1
3709	27		1
3710	27		1
3711	61		1
3711	27		2
3712	27		1
3713	27		1
3714	27		1
3715	27		1
3716	27		1
3717	61		1
3718	98		1
3719	98		1
3720	98		1
3721	98		1
3722	98		1
3723	98		1
3724	98		1
3725	98		1
3726	98		1
3727	98		1
3728	98		1
3729	98		1
3730	98		1
3731	98		1
3732	98		1
3733	98		1
3734	98		1
3735	98		1
3736	98		1
3737	98		1
3738	98		1
3739	99		1
3740	100		1
3741	100		1
3742	100		1
3743	100		1
3744	100		1
3745	100		1
3746	100		1
3747	100		1
3748	100		1
3749	100		1
3750	100		1
3751	100		1
3752	100		1
3753	100		1
3754	100		1
3755	100		1
3756	100		1
3757	100		1
3758	100		1
3759	100		1
3760	100		1
3761	100		1
3762	100		1
3763	100		1
3764	100		1
3765	100		1
3766	100		1
3767	100		1
3768	100		1
3769	100		1
3770	100		1
3771	100		1
3772	100		1
3773	91		1
3774	91		1
3775	91		1
3776	91		1
3777	91		1
3778	91		1
3779	91		1
3780	91		1
3781	91		1
3782	91		1
3783	91		1
3784	91		1
3785	91		1
3786	91		1
3787	91		1
3788	91		1
3789	91		1
3790	91		1
3791	91		1
3792	91		1
3793	91		1
3794	91		1
3795	101		1
3973	61		1
3974	66		1
3975	66		1
3976	102		1
3977	102		1
3978	102		1
3979	102		1
3980	102		1
3981	102		1
3982	102		1
3983	102		1
3984	102		1
3985	102		1
3986	102		1
3987	102		1
3988	102		1
3989	102		1
3990	102		1
3991	102		1
3992	102		1
3993	102		1
3994	102		1
3995	95		1
3996	95		1
3997	95		1
3998	95		1
3999	95		1
4000	95		1
4001	95		1
4002	64		1
4003	64		1
4004	64		1
4005	64		1
4006	64		1
4007	64		1
4008	64		1
4009	64		1
4010	27		1
4011	27		1
4011	96		2
4012	27		1
4013	100		1
4014	100		1
4015	100		1
4016	100		1
4017	100		1
4018	100		1
4019	100		1
4020	100		1
4021	100		1
4022	100		1
4023	100		1
4024	100		1
4025	100		1
4026	100		1
4027	100		1
4028	100		1
4029	100		1
4030	100		1
4031	100		1
4032	100		1
4033	100		1
4034	100		1
4035	100		1
4036	100		1
4037	100		1
4038	100		1
4039	100		1
4040	100		1
4041	100		1
4042	100		1
4043	100		1
4044	100		1
4045	100		1
4046	100		1
4047	100		1
4048	100		1
4049	100		1
4050	100		1
4051	100		1
4052	100		1
4053	100		1
4054	100		1
4055	100		1
4056	100		1
4057	100		1
4058	100		1
4059	100		1
4060	100		1
4061	100		1
4062	100		1
4063	100		1
4064	100		1
4065	100		1
4066	100		1
4067	100		1
4068	100		1
4069	100		1
4070	100		1
4071	100		1
4072	100		1
4073	100		1
4074	100		1
4075	100		1
4076	100		1
4077	100		1
4078	57		1
4079	57		1
4080	57		1
4081	57		1
4082	57		1
4083	57		1
4084	57		1
4085	57		1
4086	57		1
4087	57		1
4088	57		1
4089	57		1
4090	57		1
4091	57		1
4092	57		1
4093	57		1
4094	57		1
4095	57		1
4096	57		1
4097	57		1
4098	57		1
4099	57		1
4100	103		1
4101	103		1
4102	103		1
4103	103		1
4104	103		1
4105	103		1
4106	103		1
4107	103		1
4108	96		1
4109	96		1
4110	96		1
4111	96		1
4112	96		1
4113	96		1
4114	96		1
4115	96		1
4116	96		1
4117	96		1
4118	96		1
4119	96		1
4120	96		1
4123	96		1
4124	96		1
4125	96		1
4126	104		1
4127	104		1
4128	104		1
4129	104		1
4130	104		1
4131	104		1
4132	104		1
4133	104		1
4134	104		1
4135	104		1
4136	104		1
4137	104		1
4138	104		1
4139	104		1
4140	104		1
4141	104		1
4142	104		1
4143	104		1
4144	104		1
4145	104		1
4146	104		1
4147	104		1
4148	104		1
4149	104		1
4150	104		1
4151	104		1
4152	104		1
4153	104		1
4154	104		1
4155	104		1
4156	104		1
4157	104		1
4158	104		1
4159	104		1
4160	104		1
4161	104		1
4162	104		1
4163	104		1
4164	104		1
4165	104		1
4166	104		1
4167	104		1
4168	104		1
4169	104		1
4170	104		1
4171	104		1
4172	104		1
4173	104		1
4174	104		1
4175	104		1
4176	104		1
4177	104		1
4178	104		1
4179	104		1
4180	104		1
4181	104		1
4182	104		1
4183	104		1
4184	104		1
4185	104		1
4186	104		1
4187	104		1
4188	104		1
4189	97		1
4190	97		1
4191	97		1
4192	105		1
4193	105		1
4194	105		1
4195	105		1
4196	105		1
4197	105		1
4198	105		1
4199	105		1
4200	105		1
4201	105		1
4202	105		1
4203	105		1
4204	105		1
4205	105		1
4206	105		1
4207	105		1
4208	105		1
4209	105		1
4210	105		1
4211	105		1
4212	105		1
4213	105		1
4214	105		1
4215	105		1
4216	105		1
4217	105		1
4218	105		1
4219	105		1
4220	105		1
4221	105		1
4222	105		1
4223	105		1
4224	105		1
4225	105		1
4226	105		1
4227	105		1
4228	105		1
4229	105		1
4230	105		1
4231	105		1
4232	105		1
4233	105		1
4234	105		1
4235	105		1
4236	105		1
4237	105		1
4238	105		1
4239	105		1
4240	105		1
4241	105		1
4242	105		1
4243	105		1
4244	105		1
4245	105		1
4246	105		1
4247	105		1
4248	105		1
4249	105		1
4250	105		1
4251	105		1
4252	63		1
4253	63		1
4254	63		1
4255	63		1
4256	63		1
4257	63		1
4258	63		1
4259	63		1
4260	63		1
4261	63		1
4262	63		1
4263	63		1
4264	63		1
4265	63		1
4266	63		1
4267	63		1
4268	63		1
4269	63		1
4270	63		1
4271	63		1
4272	63		1
4273	63		1
4274	63		1
4275	63		1
4276	63		1
4277	63		1
4278	63		1
4279	63		1
4280	63		1
4281	63		1
4282	63		1
4283	63		1
4284	63		1
4285	63		1
4286	63		1
4287	63		1
4288	63		1
4289	63		1
4290	63		1
4291	63		1
4292	63		1
4293	63		1
4294	63		1
4295	63		1
4296	63		1
4297	63		1
4298	63		1
4299	63		1
4300	63		1
4301	63		1
4302	63		1
4303	63		1
4304	63		1
4305	63		1
4306	63		1
4307	63		1
4308	63		1
4309	63		1
4310	63		1
4311	63		1
4312	63		1
4313	63		1
4314	63		1
4315	63		1
4316	63		1
4317	63		1
4318	63		1
4319	63		1
4320	63		1
4321	63		1
4322	63		1
4323	63		1
4324	63		1
4325	63		1
4326	63		1
4327	63		1
4328	63		1
4329	63		1
4330	63		1
4331	63		1
4332	63		1
4333	63		1
4334	63		1
4335	63		1
4336	63		1
4337	63		1
4338	63		1
4339	63		1
4340	63		1
4341	63		1
4342	63		1
4343	63		1
4344	63		1
4345	63		1
4346	63		1
4347	63		1
4348	63		1
4349	63		1
4350	63		1
4351	63		1
4352	63		1
4353	63		1
4354	63		1
4355	63		1
4356	63		1
4357	63		1
4358	63		1
4359	90		1
4360	102		1
4361	102		1
