1	1
2	2
3	3
4	4
5	5
6	6
7	7
8	8
9	9
10	10
11	11
12	12
13	13
14	14
15	15
16	16
17	17
18	18
19	19
20	20
21	21
22	22
23	23
24	24
25	25
26	26
27	27
27	28
28	29
29	30
30	31
31	32
32	33
33	34
34	35
35	36
36	37
37	38
38	39
39	40
40	41
41	42
42	43
43	44
44	45
45	46
46	47
47	48
48	49
49	50
49	51
50	52
51	53
52	54
53	55
54	56
55	57
56	58
57	59
58	60
59	61
60	62
61	63
62	64
63	65
64	66
65	67
66	68
67	69
68	70
69	71
69	72
70	73
70	74
71	75
72	76
73	77
74	78
75	79
76	80
77	81
78	82
78	83
79	84
80	85
81	86
82	87
83	88
84	89
85	90
86	91
86	92
87	93
88	94
89	95
90	96
91	97
92	98
93	99
94	100
95	101
96	102
97	103
98	104
99	105
100	106
101	107
102	108
103	109
104	110
105	111
106	112
107	113
108	114
109	115
110	116
111	117
112	118
113	119
114	120
115	121
116	122
117	123
118	124
119	125
120	126
121	127
122	128
123	129
124	130
125	131
126	132
127	133
128	134
129	135
130	136
131	137
132	138
133	139
134	140
135	141
136	142
136	143
137	144
138	145
139	146
140	147
141	148
142	149
143	150
144	151
144	152
145	153
146	154
147	155
148	156
148	157
149	158
150	159
150	160
151	161
152	162
153	163
154	164
155	165
156	166
156	167
157	168
158	169
158	170
159	171
160	172
161	173
162	174
163	175
164	176
165	177
166	178
167	179
168	180
169	181
170	182
171	183
172	184
173	185
174	186
175	187
176	188
177	189
178	190
179	191
180	192
181	193
182	194
183	195
184	196
185	197
186	198
187	199
188	200
189	201
190	202
191	203
192	204
193	205
194	206
195	207
196	208
197	209
198	210
199	211
200	212
201	213
202	214
203	215
204	216
205	217
206	218
207	219
207	220
208	221
209	222
210	223
211	224
212	225
213	226
214	227
215	228
216	229
217	230
218	231
219	232
220	233
220	234
221	235
222	236
223	237
224	238
225	239
226	240
227	241
228	242
229	243
230	244
230	245
231	246
231	247
232	248
233	249
234	250
235	251
236	252
237	253
238	254
239	255
240	256
241	257
242	258
243	259
244	260
245	261
246	262
247	263
247	264
248	265
249	266
250	267
251	268
252	269
253	270
254	271
255	272
256	273
257	274
258	275
259	276
259	277
260	278
261	279
262	280
263	281
263	282
264	283
265	284
266	285
267	286
268	287
269	288
270	289
271	290
271	291
272	292
273	293
274	294
275	295
276	296
277	297
278	298
279	299
280	300
281	301
282	302
283	303
284	304
285	305
286	306
287	307
288	308
289	309
290	310
291	311
292	312
293	313
294	314
295	315
296	316
297	317
298	318
299	319
300	320
301	321
302	322
303	323
304	324
305	325
306	326
307	327
308	328
309	329
310	330
311	331
312	332
314	333
315	334
316	335
317	336
318	337
319	338
320	339
321	340
322	341
323	342
324	343
325	344
326	345
327	346
328	347
329	348
330	349
331	350
332	351
333	352
333	353
334	354
335	355
336	356
337	357
338	358
338	359
339	360
340	361
341	362
342	363
343	364
344	365
345	366
345	367
346	368
347	369
348	370
349	371
349	372
350	373
351	374
352	375
353	376
353	377
354	378
355	379
356	380
357	381
358	382
359	383
360	384
361	385
362	386
363	387
364	388
365	389
366	390
366	391
367	392
367	393
368	394
369	395
370	396
371	397
372	398
373	399
374	400
375	401
376	402
377	403
378	404
379	405
380	406
381	407
381	408
382	409
383	410
384	411
385	412
386	413
387	414
388	415
389	416
390	417
390	418
391	419
392	420
393	421
394	422
395	423
396	424
397	425
398	426
399	427
400	428
401	429
402	430
403	431
404	432
405	433
406	434
407	435
408	436
408	437
409	438
410	439
411	440
412	441
413	442
414	443
415	444
416	445
417	446
418	447
419	448
420	449
421	450
422	451
423	452
424	453
425	454
426	455
427	456
428	457
429	458
430	459
431	460
432	461
432	462
433	463
434	464
435	465
436	466
437	467
438	468
439	469
439	470
440	471
440	472
441	473
441	474
442	475
442	476
443	477
444	478
445	479
445	480
446	481
447	482
448	483
449	484
450	485
451	486
452	487
453	488
454	489
454	490
455	491
456	492
457	493
458	494
459	495
460	496
461	497
462	498
463	499
464	500
465	501
466	502
467	503
468	504
469	505
470	506
471	507
472	508
473	509
474	510
475	511
476	512
477	513
478	514
479	515
480	516
481	517
482	518
483	519
484	520
485	521
486	522
487	523
488	524
489	525
490	526
491	527
492	528
493	529
494	530
495	531
496	532
497	533
498	534
499	535
500	536
501	537
502	538
503	539
504	540
505	541
506	542
507	543
508	544
509	545
510	546
511	547
512	548
513	549
514	550
515	551
516	552
517	553
518	554
519	555
520	556
521	557
522	558
523	559
524	560
525	561
526	562
527	563
528	564
529	565
530	566
531	567
532	568
533	569
534	570
535	571
536	572
537	573
538	574
539	575
540	576
541	577
542	578
543	579
544	580
545	581
546	582
547	583
548	584
549	585
550	586
551	587
552	588
552	589
553	590
554	591
555	592
556	593
556	594
557	595
557	596
558	597
559	598
560	599
561	600
561	601
562	602
562	603
563	604
564	605
565	606
566	607
567	608
568	609
568	610
569	611
570	612
571	613
572	614
573	615
574	616
575	617
576	618
577	619
578	620
578	621
579	622
580	623
581	624
582	625
583	626
584	627
585	628
586	629
587	630
588	631
589	632
590	633
591	634
592	635
593	636
594	637
595	638
596	639
597	640
598	641
599	642
600	643
601	644
602	645
603	646
604	647
604	648
605	649
605	650
606	651
607	652
608	653
608	654
609	655
610	656
611	657
612	658
613	659
614	660
614	661
615	662
616	663
617	664
618	665
619	666
620	667
621	668
622	669
623	670
624	671
625	672
626	673
627	674
628	675
629	676
630	677
631	678
632	679
633	680
634	681
635	682
636	683
637	684
638	685
639	686
640	687
641	688
642	689
643	690
644	691
645	692
646	693
647	694
648	695
649	696
650	697
651	698
652	699
652	700
653	701
654	702
655	703
656	704
657	705
658	706
659	707
660	708
661	709
662	710
662	711
663	712
664	713
665	714
666	715
667	716
668	717
669	718
670	719
671	720
672	721
673	722
674	723
675	724
676	725
677	726
677	727
678	728
679	729
680	730
681	731
682	732
683	733
684	734
684	735
685	736
685	737
686	738
687	739
688	740
689	741
690	742
691	743
692	744
693	745
694	746
695	747
696	748
697	749
698	750
699	751
700	752
701	753
701	754
702	755
702	756
703	757
704	758
705	759
706	760
707	761
708	762
708	763
709	764
710	765
711	766
712	767
713	768
713	769
714	770
715	771
716	772
717	773
718	774
719	775
720	776
721	777
722	778
723	779
724	780
725	781
726	782
727	783
728	784
728	785
729	786
730	787
731	788
732	789
733	790
733	791
734	792
734	793
735	794
736	795
737	796
738	797
738	798
739	799
740	800
741	801
742	802
742	803
743	804
744	805
745	806
745	807
746	808
747	809
747	810
748	811
749	812
749	813
750	814
751	815
752	816
753	817
754	818
754	819
755	820
756	821
756	822
757	823
758	824
758	825
759	826
760	827
761	828
762	829
763	830
764	831
765	832
766	833
767	834
768	835
769	836
770	837
771	838
772	839
773	840
774	841
774	842
775	843
776	844
777	845
778	846
779	847
780	848
781	849
781	850
782	851
783	852
784	853
785	854
786	855
787	856
788	857
789	858
790	859
791	860
792	861
793	862
794	863
795	864
796	865
797	866
798	867
799	868
800	869
801	870
802	871
803	872
804	873
805	874
806	875
807	876
808	877
809	878
810	879
811	880
812	881
812	882
813	883
814	884
815	885
815	886
816	887
817	888
818	889
819	890
820	891
821	892
822	893
823	894
824	895
825	896
826	897
826	898
827	899
828	900
829	901
830	902
831	903
831	904
832	905
833	906
834	907
835	908
836	909
837	910
838	911
839	912
840	913
841	914
842	915
843	916
844	917
845	918
846	919
847	920
848	921
849	922
850	923
851	924
852	925
853	926
854	927
855	928
856	929
857	930
858	931
859	932
859	933
860	934
861	935
862	936
863	937
864	938
865	939
866	940
867	941
868	942
869	943
870	944
871	945
872	946
873	947
874	948
875	949
876	950
876	951
877	952
878	953
879	954
880	955
881	956
882	957
883	958
884	959
885	960
886	961
887	962
888	963
889	964
890	965
891	966
892	967
893	968
894	969
895	970
896	971
897	972
898	973
899	974
900	975
901	976
902	977
903	978
904	979
905	980
906	981
907	982
908	983
909	984
910	985
911	986
912	987
913	988
914	989
914	990
915	991
916	992
917	993
918	994
919	995
920	996
921	997
922	998
923	999
924	1000
925	1001
926	1002
926	1003
927	1004
927	1005
928	1006
929	1007
930	1008
931	1009
932	1010
933	1011
934	1012
935	1013
936	1014
937	1015
938	1016
939	1017
940	1018
941	1019
941	1020
942	1021
943	1022
944	1023
945	1024
946	1025
947	1026
948	1027
949	1028
950	1029
951	1030
952	1031
953	1032
954	1033
955	1034
956	1035
957	1036
958	1037
959	1038
960	1039
961	1040
962	1041
963	1042
964	1043
965	1044
966	1045
967	1046
968	1047
969	1048
970	1049
971	1050
972	1051
973	1052
974	1053
975	1054
976	1055
977	1056
978	1057
979	1058
980	1059
981	1060
982	1061
983	1062
984	1063
985	1064
986	1065
987	1066
988	1067
989	1068
990	1069
991	1070
992	1071
993	1072
994	1073
995	1074
996	1075
997	1076
998	1077
999	1078
1000	1079
1001	1080
1002	1081
1003	1082
1004	1083
1005	1084
1006	1085
1007	1086
1008	1087
1009	1088
1010	1089
1011	1090
1012	1091
1013	1092
1014	1093
1015	1094
1015	1095
1016	1096
1017	1097
1017	1098
1018	1099
1019	1100
1020	1101
1021	1102
1022	1103
1023	1104
1024	1105
1025	1106
1026	1107
1027	1108
1028	1109
1029	1110
1030	1111
1031	1112
1032	1113
1033	1114
1034	1115
1035	1116
1036	1117
1037	1118
1038	1119
1039	1120
1040	1121
1041	1122
1042	1123
1043	1124
1044	1125
1045	1126
1046	1127
1047	1128
1048	1129
1049	1130
1050	1131
1051	1132
1052	1133
1053	1134
1054	1135
1055	1136
1056	1137
1057	1138
1058	1139
1059	1140
1060	1141
1061	1142
1062	1143
1063	1144
1064	1145
1065	1146
1066	1147
1067	1148
1068	1149
1069	1150
1070	1151
1071	1152
1072	1153
1073	1154
1074	1155
1075	1156
1076	1157
1077	1158
1078	1159
1079	1160
1080	1161
1081	1162
1082	1163
1083	1164
1084	1165
1085	1166
1086	1167
1087	1168
1088	1169
1089	1170
1090	1171
1091	1172
1092	1173
1093	1174
1094	1175
1095	1176
1096	1177
1097	1178
1098	1179
1099	1180
1100	1181
1101	1182
1102	1183
1103	1184
1104	1185
1105	1186
1106	1187
1107	1188
1108	1189
1109	1190
1109	1191
1110	1192
1111	1193
1112	1194
1113	1195
1114	1196
1115	1197
1116	1198
1117	1199
1118	1200
1119	1201
1120	1202
1121	1203
1122	1204
1123	1205
1124	1206
1125	1207
1126	1208
1127	1209
1128	1210
1129	1211
1130	1212
1131	1213
1131	1214
1132	1215
1133	1216
1134	1217
1135	1218
1136	1219
1137	1220
1138	1221
1139	1222
1140	1223
1141	1224
1142	1225
1143	1226
1144	1227
1145	1228
1146	1229
1147	1230
1148	1231
1149	1232
1150	1233
1151	1234
1151	1235
1152	1236
1153	1237
1154	1238
1155	1239
1156	1240
1157	1241
1158	1242
1159	1243
1160	1244
1161	1245
1162	1246
1163	1247
1164	1248
1165	1249
1165	1250
1166	1251
1167	1252
1167	1253
1168	1254
1169	1255
1170	1256
1171	1257
1172	1258
1173	1259
1174	1260
1175	1261
1176	1262
1176	1263
1177	1264
1178	1265
1179	1266
1180	1267
1181	1268
1182	1269
1183	1270
1184	1271
1185	1272
1186	1273
1187	1274
1188	1275
1189	1276
1190	1277
1191	1278
1191	1279
1192	1280
1192	1281
1193	1282
1194	1283
1195	1284
1196	1285
1197	1286
1198	1287
1199	1288
1200	1289
1201	1290
1202	1291
1203	1292
1204	1293
1205	1294
1206	1295
1207	1296
1208	1297
1209	1298
1210	1299
1211	1300
1212	1301
1213	1302
1214	1303
1215	1304
1216	1305
1217	1306
1218	1307
1219	1308
1220	1309
1221	1310
1222	1311
1223	1312
1224	1313
1225	1314
1226	1315
1227	1316
1228	1317
1228	1318
1229	1319
1230	1320
1231	1321
1232	1322
1233	1323
1234	1324
1235	1325
1236	1326
1237	1327
1238	1328
1239	1329
1240	1330
1241	1331
1242	1332
1243	1333
1244	1334
1244	1335
1245	1336
1246	1337
1247	1338
1248	1339
1249	1340
1250	1341
1251	1342
1252	1343
1253	1344
1254	1345
1255	1346
1256	1347
1257	1348
1258	1349
1259	1350
1260	1351
1261	1352
1262	1353
1263	1354
1264	1355
1265	1356
1266	1357
1267	1358
1268	1359
1269	1360
1270	1361
1271	1362
1272	1363
1273	1364
1274	1365
1275	1366
1276	1367
1277	1368
1278	1369
1279	1370
1280	1371
1281	1372
1282	1373
1283	1374
1284	1375
1285	1376
1286	1377
1287	1378
1288	1379
1289	1380
1290	1381
1291	1382
1292	1383
1293	1384
1294	1385
1295	1386
1296	1387
1297	1388
1298	1389
1299	1390
1300	1391
1301	1392
1302	1393
1303	1394
1304	1395
1305	1396
1306	1397
1307	1398
1308	1399
1309	1400
1310	1401
1310	1402
1311	1403
1312	1404
1313	1405
1314	1406
1315	1407
1315	1408
1316	1409
1317	1410
1318	1411
1319	1412
1320	1413
1320	1414
1321	1415
1321	1416
1322	1417
1323	1418
1324	1419
1325	1420
1326	1421
1326	1422
1327	1423
1327	1424
1328	1425
1329	1426
1330	1427
1331	1428
1332	1429
1333	1430
1334	1431
1335	1432
1336	1433
1337	1434
1338	1435
1339	1436
1340	1437
1341	1438
1342	1439
1343	1440
1344	1441
1345	1442
1346	1443
1347	1444
1348	1445
1349	1446
1350	1447
1351	1448
1352	1449
1353	1450
1354	1451
1355	1452
1356	1453
1357	1454
1358	1455
1359	1456
1360	1457
1361	1458
1362	1459
1363	1460
1364	1461
1365	1462
1366	1463
1367	1464
1368	1465
1369	1466
1370	1467
1371	1468
1372	1469
1373	1470
1374	1471
1375	1472
1376	1473
1377	1474
1378	1475
1379	1476
1380	1477
1381	1478
1382	1479
1383	1480
1384	1481
1385	1482
1386	1483
1387	1484
1388	1485
1389	1486
1389	1487
1390	1488
1391	1489
1392	1490
1393	1491
1394	1492
1395	1493
1396	1494
1397	1495
1398	1496
1399	1497
1400	1498
1401	1499
1402	1500
1403	1501
1404	1502
1405	1503
1406	1504
1407	1505
1408	1506
1409	1507
1410	1508
1411	1509
1412	1510
1413	1511
1414	1512
1415	1513
1416	1514
1417	1515
1418	1516
1419	1517
1420	1518
1421	1519
1422	1520
1423	1521
1424	1522
1425	1523
1426	1524
1427	1525
1428	1526
1429	1527
1430	1528
1431	1529
1432	1530
1433	1531
1434	1532
1435	1533
1436	1534
1437	1535
1438	1536
1439	1537
1440	1538
1441	1539
1442	1540
1443	1541
1444	1542
1445	1543
1446	1544
1447	1545
1448	1546
1449	1547
1450	1548
1451	1549
1452	1550
1453	1551
1454	1552
1455	1553
1456	1554
1457	1555
1458	1556
1459	1557
1460	1558
1461	1559
1462	1560
1463	1561
1464	1562
1465	1563
1465	1564
1466	1565
1466	1566
1467	1567
1468	1568
1469	1569
1470	1570
1471	1571
1472	1572
1473	1573
1474	1574
1475	1575
1476	1576
1477	1577
1478	1578
1479	1579
1480	1580
1481	1581
1482	1582
1483	1583
1484	1584
1485	1585
1486	1586
1487	1587
1488	1588
1489	1589
1490	1590
1491	1591
1492	1592
1493	1593
1494	1594
1495	1595
1496	1596
1497	1597
1498	1598
1499	1599
1500	1600
1501	1601
1502	1602
1503	1603
1504	1604
1505	1605
1506	1606
1507	1607
1508	1608
1509	1609
1510	1610
1511	1611
1512	1612
1513	1613
1514	1614
1515	1615
1516	1616
1517	1617
1518	1618
1519	1619
1520	1620
1521	1621
1522	1622
1523	1623
1524	1624
1525	1625
1526	1626
1527	1627
1528	1628
1529	1629
1530	1630
1531	1631
1532	1632
1533	1633
1534	1634
1535	1635
1536	1636
1537	1637
1538	1638
1539	1639
1540	1640
1541	1641
1542	1642
1543	1643
1544	1644
1545	1645
1546	1646
1547	1647
1548	1648
1549	1649
1550	1650
1551	1651
1552	1652
1553	1653
1554	1654
1555	1655
1556	1656
1557	1657
1558	1658
1559	1659
1560	1660
1561	1661
1562	1662
1563	1663
1564	1664
1565	1665
1566	1666
1567	1667
1568	1668
1569	1669
1570	1670
1571	1671
1572	1672
1573	1673
1574	1674
1575	1675
1576	1676
1577	1677
1578	1678
1579	1679
1580	1680
1581	1681
1582	1682
1583	1683
1584	1684
1585	1685
1586	1686
1587	1687
1588	1688
1589	1689
1590	1690
1591	1691
1592	1692
1593	1693
1594	1694
1595	1695
1596	1696
1597	1697
1598	1698
1599	1699
1600	1700
1601	1701
1602	1702
1603	1703
1603	1704
1604	1705
1605	1706
1606	1707
1606	1708
1607	1709
1608	1710
1609	1711
1610	1712
1611	1713
1612	1714
1613	1715
1613	1716
1614	1717
1615	1718
1616	1719
1617	1720
1618	1721
1619	1722
1620	1723
1621	1724
1622	1725
1623	1726
1624	1727
1625	1728
1626	1729
1627	1730
1628	1731
1629	1732
1630	1733
1631	1734
1632	1735
1633	1736
1634	1737
1635	1738
1636	1739
1637	1740
1638	1741
1639	1742
1640	1743
1641	1744
1642	1745
1643	1746
1644	1747
1645	1748
1646	1749
1647	1750
1648	1751
1649	1752
1650	1753
1651	1754
1652	1755
1653	1756
1654	1757
1655	1758
1656	1759
1657	1760
1658	1761
1659	1762
1660	1763
1660	1764
1661	1765
1662	1766
1662	1767
1663	1768
1664	1769
1665	1770
1666	1771
1667	1772
1668	1773
1669	1774
1670	1775
1671	1776
1672	1777
1673	1778
1674	1779
1675	1780
1676	1781
1677	1782
1678	1783
1679	1784
1680	1785
1681	1786
1682	1787
1683	1788
1684	1789
1685	1790
1686	1791
1687	1792
1688	1793
1689	1794
1690	1795
1691	1796
1692	1797
1693	1798
1694	1799
1695	1800
1696	1801
1697	1802
1698	1803
1699	1804
1700	1805
1701	1806
1702	1807
1703	1808
1704	1809
1705	1810
1706	1811
1707	1812
1708	1813
1709	1814
1710	1815
1711	1816
1712	1817
1713	1818
1714	1819
1715	1820
1716	1821
1717	1822
1718	1823
1719	1824
1720	1825
1721	1826
1722	1827
1723	1828
1724	1829
1725	1830
1726	1831
1727	1832
1728	1833
1729	1834
1730	1835
1731	1836
1732	1837
1733	1838
1734	1839
1735	1840
1736	1841
1737	1842
1738	1843
1739	1844
1740	1845
1741	1846
1742	1847
1743	1848
1744	1849
1745	1850
1746	1851
1747	1852
1748	1853
1749	1854
1750	1855
1751	1856
1752	1857
1753	1858
1754	1859
1755	1860
1756	1861
1757	1862
1758	1863
1759	1864
1760	1865
1761	1866
1762	1867
1763	1868
1764	1869
1765	1870
1766	1871
1767	1872
1768	1873
1769	1874
1770	1875
1771	1876
1772	1877
1773	1878
1774	1879
1775	1880
1776	1881
1777	1882
1778	1883
1779	1884
1780	1885
1781	1886
1782	1887
1783	1888
1784	1889
1785	1890
1786	1891
1787	1892
1788	1893
1789	1894
1790	1895
1791	1896
1792	1897
1793	1898
1794	1899
1795	1900
1796	1901
1797	1902
1798	1903
1799	1904
1800	1905
1801	1906
1801	1907
1802	1908
1802	1909
1803	1910
1804	1911
1804	1912
1805	1913
1805	1914
1806	1915
1806	1916
1807	1917
1808	1918
1809	1919
1810	1920
1810	1921
1811	1922
1811	1923
1812	1924
1812	1925
1813	1926
1814	1927
1815	1928
1816	1929
1817	1930
1818	1931
1818	1932
1819	1933
1820	1934
1821	1935
1822	1936
1822	1937
1823	1938
1824	1939
1824	1940
1825	1941
1825	1942
1826	1943
1827	1944
1828	1945
1828	1946
1829	1947
1830	1948
1831	1949
1832	1950
1833	1951
1834	1952
1835	1953
1836	1954
1837	1955
1838	1956
1839	1957
1840	1958
1841	1959
1842	1960
1843	1961
1844	1962
1845	1963
1846	1964
1847	1965
1848	1966
1849	1967
1849	1968
1850	1969
1851	1970
1852	1971
1853	1972
1854	1973
1855	1974
1856	1975
1857	1976
1858	1977
1859	1978
1860	1979
1860	1980
1861	1981
1862	1982
1863	1983
1864	1984
1865	1985
1866	1986
1867	1987
1868	1988
1869	1989
1870	1990
1871	1991
1872	1992
1873	1993
1874	1994
1875	1995
1876	1996
1877	1997
1878	1998
1879	1999
1880	2000
1881	2001
1882	2002
1883	2003
1884	2004
1885	2005
1886	2006
1887	2007
1887	2008
1888	2009
1889	2010
1890	2011
1890	2012
1891	2013
1892	2014
1893	2015
1894	2016
1895	2017
1896	2018
1897	2019
1897	2020
1898	2021
1899	2022
1900	2023
1900	2024
1901	2025
1901	2026
1902	2027
1903	2028
1904	2029
1905	2030
1906	2031
1907	2032
1908	2033
1909	2034
1909	2035
1910	2036
1911	2037
1911	2038
1912	2039
1913	2040
1914	2041
1915	2042
1916	2043
1917	2044
1918	2045
1919	2046
1920	2047
1921	2048
1922	2049
1923	2050
1924	2051
1925	2052
1926	2053
1927	2054
1928	2055
1929	2056
1930	2057
1931	2058
1932	2059
1933	2060
1934	2061
1935	2062
1936	2063
1937	2064
1938	2065
1939	2066
1940	2067
1941	2068
1942	2069
1942	2070
1943	2071
1943	2072
1944	2073
1945	2074
1946	2075
1947	2076
1948	2077
1949	2078
1950	2079
1951	2080
1952	2081
1953	2082
1954	2083
1955	2084
1956	2085
1957	2086
1958	2087
1959	2088
1960	2089
1961	2090
1962	2091
1963	2092
1964	2093
1965	2094
1966	2095
1967	2096
1968	2097
1969	2098
1970	2099
1971	2100
1972	2101
1973	2102
1974	2103
1975	2104
1976	2105
1977	2106
1978	2107
1979	2108
1980	2109
1981	2110
1982	2111
1983	2112
1984	2113
1985	2114
1986	2115
1987	2116
1988	2117
1989	2118
1990	2119
1991	2120
1992	2121
1993	2122
1994	2123
1995	2124
1996	2125
1997	2126
1998	2127
1999	2128
2000	2129
2001	2130
2002	2131
2003	2132
2004	2133
2005	2134
2006	2135
2007	2136
2008	2137
2009	2138
2010	2139
2011	2140
2012	2141
2013	2142
2014	2143
2015	2144
2016	2145
2017	2146
2018	2147
2019	2148
2020	2149
2021	2150
2022	2151
2023	2152
2024	2153
2025	2154
2026	2155
2027	2156
2028	2157
2029	2158
2030	2159
2031	2160
2032	2161
2033	2162
2034	2163
2035	2164
2036	2165
2037	2166
2038	2167
2039	2168
2040	2169
2041	2170
2042	2171
2043	2172
2044	2173
2045	2174
2046	2175
2046	2176
2047	2177
2047	2178
2048	2179
2049	2180
2050	2181
2051	2182
2052	2183
2053	2184
2054	2185
2055	2186
2056	2187
2057	2188
2058	2189
2059	2190
2060	2191
2061	2192
2062	2193
2063	2194
2064	2195
2065	2196
2066	2197
2067	2198
2068	2199
2069	2200
2070	2201
2071	2202
2072	2203
2073	2204
2074	2205
2075	2206
2076	2207
2077	2208
2078	2209
2079	2210
2080	2211
2081	2212
2082	2213
2083	2214
2084	2215
2085	2216
2086	2217
2087	2218
2088	2219
2089	2220
2090	2221
2091	2222
2092	2223
2093	2224
2094	2225
2095	2226
2096	2227
2097	2228
2098	2229
2099	2230
2100	2231
2101	2232
2102	2233
2103	2234
2104	2235
2105	2236
2106	2237
2107	2238
2108	2239
2109	2240
2110	2241
2111	2242
2112	2243
2113	2244
2114	2245
2115	2246
2116	2247
2117	2248
2118	2249
2119	2250
2120	2251
2121	2252
2122	2253
2123	2254
2124	2255
2125	2256
2126	2257
2127	2258
2128	2259
2129	2260
2130	2261
2131	2262
2132	2263
2133	2264
2134	2265
2135	2266
2136	2267
2137	2268
2138	2269
2139	2270
2140	2271
2141	2272
2142	2273
2143	2274
2144	2275
2145	2276
2146	2277
2147	2278
2148	2279
2149	2280
2150	2281
2151	2282
2152	2283
2153	2284
2154	2285
2155	2286
2156	2287
2157	2288
2158	2289
2159	2290
2160	2291
2161	2292
2162	2293
2163	2294
2164	2295
2165	2296
2166	2297
2167	2298
2168	2299
2169	2300
2170	2301
2171	2302
2172	2303
2173	2304
2174	2305
2175	2306
2176	2307
2177	2308
2178	2309
2179	2310
2180	2311
2181	2312
2182	2313
2183	2314
2184	2315
2185	2316
2186	2317
2187	2318
2188	2319
2189	2320
2190	2321
2191	2322
2192	2323
2193	2324
2194	2325
2195	2326
2196	2327
2197	2328
2198	2329
2199	2330
2200	2331
2201	2332
2202	2333
2203	2334
2204	2335
2205	2336
2206	2337
2207	2338
2208	2339
2209	2340
2210	2341
2211	2342
2212	2343
2213	2344
2214	2345
2215	2346
2216	2347
2217	2348
2218	2349
2219	2350
2220	2351
2221	2352
2222	2353
2223	2354
2224	2355
2225	2356
2226	2357
2227	2358
2228	2359
2229	2360
2230	2361
2231	2362
2232	2363
2233	2364
2234	2365
2235	2366
2236	2367
2237	2368
2238	2369
2239	2370
2240	2371
2241	2372
2242	2373
2243	2374
2244	2375
2245	2376
2246	2377
2247	2378
2248	2379
2249	2380
2250	2381
2251	2382
2252	2383
2253	2384
2254	2385
2255	2386
2256	2387
2257	2388
2258	2389
2259	2390
2260	2391
2261	2392
2262	2393
2263	2394
2264	2395
2265	2396
2266	2397
2266	2398
2267	2399
2268	2400
2269	2401
2270	2402
2271	2403
2272	2404
2273	2405
2274	2406
2275	2407
2276	2408
2277	2409
2278	2410
2279	2411
2280	2412
2281	2413
2282	2414
2283	2415
2284	2416
2285	2417
2286	2418
2287	2419
2288	2420
2289	2421
2290	2422
2291	2423
2292	2424
2293	2425
2294	2426
2295	2427
2296	2428
2297	2429
2298	2430
2299	2431
2300	2432
2301	2433
2302	2434
2303	2435
2304	2436
2305	2437
2306	2438
2307	2439
2308	2440
2309	2441
2310	2442
2311	2443
2312	2444
2313	2445
2314	2446
2315	2447
2316	2448
2317	2449
2318	2450
2319	2451
2320	2452
2321	2453
2322	2454
2323	2455
2324	2456
2325	2457
2326	2458
2327	2459
2328	2460
2329	2461
2330	2462
2331	2463
2332	2464
2333	2465
2333	2466
2334	2467
2335	2468
2336	2469
2337	2470
2338	2471
2339	2472
2340	2473
2341	2474
2341	2475
2342	2476
2343	2477
2344	2478
2344	2479
2345	2480
2346	2481
2346	2482
2347	2483
2347	2484
2348	2485
2349	2486
2350	2487
2351	2488
2352	2489
2353	2490
2354	2491
2355	2492
2356	2493
2357	2494
2358	2495
2359	2496
2360	2497
2361	2498
2362	2499
2363	2500
2364	2501
2365	2502
2366	2503
2367	2504
2368	2505
2369	2506
2370	2507
2371	2508
2372	2509
2373	2510
2374	2511
2375	2512
2376	2513
2377	2514
2378	2515
2379	2516
2380	2517
2381	2518
2382	2519
2383	2520
2384	2521
2385	2522
2386	2523
2387	2524
2388	2525
2389	2526
2390	2527
2391	2528
2392	2529
2393	2530
2394	2531
2395	2532
2396	2533
2397	2534
2398	2535
2399	2536
2400	2537
2401	2538
2402	2539
2403	2540
2404	2541
2405	2542
2406	2543
2407	2544
2408	2545
2409	2546
2410	2547
2411	2548
2412	2549
2413	2550
2414	2551
2415	2552
2416	2553
2417	2554
2418	2555
2419	2556
2420	2557
2421	2558
2422	2559
2423	2560
2424	2561
2425	2562
2426	2563
2427	2564
2428	2565
2429	2566
2430	2567
2431	2568
2432	2569
2433	2570
2434	2571
2435	2572
2436	2573
2437	2574
2438	2575
2439	2576
2440	2577
2441	2578
2442	2579
2443	2580
2444	2581
2445	2582
2446	2583
2447	2584
2448	2585
2449	2586
2450	2587
2451	2588
2452	2589
2453	2590
2454	2591
2455	2592
2456	2593
2457	2594
2458	2595
2459	2596
2460	2597
2461	2598
2462	2599
2463	2600
2464	2601
2465	2602
2466	2603
2467	2604
2468	2605
2469	2606
2470	2607
2471	2608
2472	2609
2473	2610
2474	2611
2475	2612
2476	2613
2477	2614
2478	2615
2479	2616
2480	2617
2481	2618
2482	2619
2483	2620
2484	2621
2485	2622
2486	2623
2487	2624
2488	2625
2489	2626
2490	2627
2491	2628
2492	2629
2493	2630
2494	2631
2495	2632
2496	2633
2497	2634
2498	2635
2499	2636
2500	2637
2501	2638
2501	2639
2502	2640
2502	2641
2503	2642
2503	2643
2504	2644
2504	2645
2505	2646
2506	2647
2507	2648
2508	2649
2509	2650
2510	2651
2511	2652
2512	2653
2513	2654
2514	2655
2515	2656
2516	2657
2517	2658
2518	2659
2519	2660
2520	2661
2521	2662
2522	2663
2523	2664
2524	2665
2525	2666
2526	2667
2527	2668
2528	2669
2529	2670
2530	2671
2530	2672
2531	2673
2531	2674
2532	2675
2532	2676
2533	2677
2533	2678
2534	2679
2534	2680
2535	2681
2536	2682
2537	2683
2538	2684
2539	2685
2540	2686
2541	2687
2542	2688
2543	2689
2544	2690
2545	2691
2546	2692
2547	2693
2548	2694
2549	2695
2550	2696
2551	2697
2552	2698
2553	2699
2554	2700
2555	2701
2556	2702
2557	2703
2558	2704
2559	2705
2560	2706
2561	2707
2562	2708
2563	2709
2564	2710
2565	2711
2566	2712
2567	2713
2568	2714
2569	2715
2570	2716
2571	2717
2572	2718
2573	2719
2574	2720
2575	2721
2576	2722
2577	2723
2578	2724
2579	2725
2580	2726
2581	2727
2582	2728
2583	2729
2584	2730
2585	2731
2586	2732
2587	2733
2588	2734
2589	2735
2590	2736
2591	2737
2592	2738
2593	2739
2594	2740
2595	2741
2596	2742
2597	2743
2598	2744
2599	2745
2600	2746
2601	2747
2602	2748
2603	2749
2604	2750
2605	2751
2606	2752
2607	2753
2608	2754
2609	2755
2610	2756
2611	2757
2612	2758
2613	2759
2614	2760
2615	2761
2616	2762
2617	2763
2618	2764
2619	2765
2620	2766
2621	2767
2622	2768
2623	2769
2624	2770
2625	2771
2626	2772
2627	2773
2628	2774
2629	2775
2630	2776
2631	2777
2632	2778
2633	2779
2634	2780
2635	2781
2636	2782
2637	2783
2638	2784
2639	2785
2640	2786
2641	2787
2642	2788
2643	2789
2644	2790
2645	2791
2646	2792
2647	2793
2648	2794
2649	2795
2650	2796
2651	2797
2652	2798
2653	2799
2654	2800
2655	2801
2656	2802
2657	2803
2658	2804
2659	2805
2660	2806
2661	2807
2662	2808
2663	2809
2664	2810
2665	2811
2666	2812
2667	2813
2668	2814
2669	2815
2670	2816
2671	2817
2672	2818
2673	2819
2674	2820
2675	2821
2676	2822
2677	2823
2678	2824
2679	2825
2680	2826
2681	2827
2682	2828
2683	2829
2684	2830
2685	2831
2686	2832
2687	2833
2688	2834
2689	2835
2690	2836
2691	2837
2692	2838
2693	2839
2694	2840
2695	2841
2696	2842
2697	2843
2698	2844
2699	2845
2700	2846
2701	2847
2702	2848
2703	2849
2704	2850
2705	2851
2706	2852
2707	2853
2708	2854
2709	2855
2710	2856
2711	2857
2712	2858
2713	2859
2714	2860
2715	2861
2716	2862
2717	2863
2718	2864
2719	2865
2720	2866
2721	2867
2722	2868
2723	2869
2724	2870
2725	2871
2726	2872
2727	2873
2728	2874
2729	2875
2730	2876
2731	2877
2732	2878
2733	2879
2734	2880
2735	2881
2736	2882
2737	2883
2738	2884
2739	2885
2740	2886
2741	2887
2742	2888
2743	2889
2744	2890
2745	2891
2746	2892
2747	2893
2748	2894
2749	2895
2750	2896
2751	2897
2752	2898
2753	2899
2754	2900
2755	2901
2756	2902
2757	2903
2758	2904
2759	2905
2760	2906
2761	2907
2762	2908
2763	2909
2764	2910
2765	2911
2766	2912
2767	2913
2768	2914
2769	2915
2770	2916
2771	2917
2772	2918
2773	2919
2774	2920
2775	2921
2776	2922
2777	2923
2778	2924
2779	2925
2780	2926
2781	2927
2782	2928
2783	2929
2784	2930
2785	2931
2786	2932
2787	2933
2788	2934
2789	2935
2790	2936
2791	2937
2792	2938
2793	2939
2794	2940
2795	2941
2795	2942
2796	2943
2797	2944
2797	2945
2798	2946
2799	2947
2799	2948
2800	2949
2801	2950
2801	2951
2802	2952
2803	2953
2803	2954
2804	2955
2805	2956
2805	2957
2806	2958
2807	2959
2807	2960
2808	2961
2809	2962
2810	2963
2811	2964
2812	2965
2813	2966
2814	2967
2815	2968
2816	2969
2817	2970
2818	2971
2819	2972
2820	2973
2821	2974
2822	2975
2823	2976
2824	2977
2825	2978
2826	2979
2827	2980
2828	2981
2829	2982
2829	2983
2830	2984
2831	2985
2832	2986
2833	2987
2834	2988
2835	2989
2835	2990
2836	2991
2837	2992
2838	2993
2839	2994
2840	2995
2841	2996
2841	2997
2842	2998
2843	2999
2844	3000
2845	3001
2846	3002
2847	3003
2847	3004
2848	3005
2849	3006
2850	3007
2851	3008
2852	3009
2853	3010
2853	3011
2854	3012
2855	3013
2856	3014
2857	3015
2858	3016
2859	3017
2859	3018
2860	3019
2861	3020
2862	3021
2863	3022
2864	3023
2865	3024
2865	3025
2866	3026
2867	3027
2868	3028
2869	3029
2870	3030
2871	3031
2871	3032
2872	3033
2873	3034
2874	3035
2875	3036
2876	3037
2877	3038
2877	3039
2878	3040
2879	3041
2880	3042
2881	3043
2882	3044
2883	3045
2883	3046
2884	3047
2885	3048
2886	3049
2887	3050
2888	3051
2889	3052
2890	3053
2891	3054
2892	3055
2893	3056
2894	3057
2895	3058
2896	3059
2897	3060
2898	3061
2899	3062
2900	3063
2901	3064
2902	3065
2903	3066
2904	3067
2905	3068
2906	3069
2907	3070
2908	3071
2909	3072
2910	3073
2911	3074
2912	3075
2913	3076
2914	3077
2915	3078
2916	3079
2917	3080
2918	3081
2919	3082
2920	3083
2921	3084
2922	3085
2923	3086
2924	3087
2925	3088
2926	3089
2927	3090
2928	3091
2929	3092
2930	3093
2931	3094
2932	3095
2933	3096
2934	3097
2935	3098
2936	3099
2937	3100
2938	3101
2939	3102
2940	3103
2941	3104
2942	3105
2943	3106
2944	3107
2945	3108
2946	3109
2947	3110
2948	3111
2949	3112
2950	3113
2951	3114
2952	3115
2953	3116
2954	3117
2955	3118
2956	3119
2957	3120
2958	3121
2959	3122
2960	3123
2961	3124
2962	3125
2963	3126
2964	3127
2965	3128
2966	3129
2967	3130
2968	3131
2969	3132
2970	3133
2971	3134
2972	3135
2973	3136
2974	3137
2975	3138
2976	3139
2977	3140
2978	3141
2979	3142
2980	3143
2981	3144
2982	3145
2983	3146
2984	3147
2985	3148
2986	3149
2987	3150
2988	3151
2989	3152
2990	3153
2991	3154
2992	3155
2993	3156
2994	3157
2994	3158
2995	3159
2996	3160
2996	3161
2997	3162
2997	3163
2998	3164
2999	3165
3000	3166
3001	3167
3002	3168
3003	3169
3004	3170
3004	3171
3005	3172
3005	3173
3006	3174
3007	3175
3008	3176
3008	3177
3009	3178
3009	3179
3010	3180
3011	3181
3011	3182
3012	3183
3012	3184
3013	3185
3013	3186
3014	3187
3014	3188
3015	3189
3015	3190
3016	3191
3016	3192
3017	3193
3017	3194
3018	3195
3018	3196
3019	3197
3020	3198
3021	3199
3022	3200
3022	3201
3023	3202
3023	3203
3024	3204
3024	3205
3025	3206
3025	3207
3026	3208
3027	3209
3028	3210
3028	3211
3029	3212
3029	3213
3030	3214
3031	3215
3031	3216
3032	3217
3033	3218
3033	3219
3034	3220
3034	3221
3035	3222
3035	3223
3036	3224
3036	3225
3037	3226
3037	3227
3038	3228
3038	3229
3039	3230
3040	3231
3041	3232
3041	3233
3042	3234
3042	3235
3043	3236
3044	3237
3045	3238
3046	3239
3047	3240
3048	3241
3049	3242
3050	3243
3051	3244
3052	3245
3053	3246
3054	3247
3055	3248
3056	3249
3057	3250
3058	3251
3059	3252
3060	3253
3061	3254
3062	3255
3063	3256
3064	3257
3065	3258
3066	3259
3067	3260
3068	3261
3069	3262
3070	3263
3071	3264
3072	3265
3073	3266
3074	3267
3075	3268
3076	3269
3077	3270
3078	3271
3079	3272
3080	3273
3081	3274
3082	3275
3083	3276
3084	3277
3085	3278
3086	3279
3087	3280
3088	3281
3089	3282
3090	3283
3091	3284
3092	3285
3093	3286
3094	3287
3095	3288
3096	3289
3097	3290
3098	3291
3099	3292
3100	3293
3101	3294
3102	3295
3103	3296
3104	3297
3105	3298
3106	3299
3107	3300
3108	3301
3109	3302
3110	3303
3111	3304
3112	3305
3113	3306
3114	3307
3115	3308
3116	3309
3117	3310
3118	3311
3119	3312
3120	3313
3121	3314
3122	3315
3123	3316
3124	3317
3125	3318
3126	3319
3127	3320
3128	3321
3129	3322
3130	3323
3131	3324
3132	3325
3133	3326
3134	3327
3135	3328
3136	3329
3137	3330
3138	3331
3139	3332
3140	3333
3141	3334
3142	3335
3143	3336
3144	3337
3145	3338
3146	3339
3147	3340
3148	3341
3149	3342
3150	3343
3151	3344
3152	3345
3153	3346
3154	3347
3155	3348
3156	3349
3157	3350
3158	3351
3159	3352
3160	3353
3161	3354
3162	3355
3163	3356
3164	3357
3165	3358
3166	3359
3167	3360
3168	3361
3169	3362
3170	3363
3171	3364
3172	3365
3173	3366
3174	3367
3175	3368
3176	3369
3177	3370
3178	3371
3179	3372
3180	3373
3181	3374
3182	3375
3183	3376
3184	3377
3185	3378
3186	3379
3187	3380
3188	3381
3189	3382
3190	3383
3191	3384
3192	3385
3193	3386
3194	3387
3195	3388
3196	3389
3196	3390
3197	3391
3197	3392
3198	3393
3199	3394
3200	3395
3201	3396
3202	3397
3203	3398
3204	3399
3205	3400
3206	3401
3207	3402
3208	3403
3209	3404
3210	3405
3211	3406
3212	3407
3213	3408
3214	3409
3215	3410
3216	3411
3217	3412
3218	3413
3219	3414
3220	3415
3221	3416
3222	3417
3223	3418
3224	3419
3225	3420
3226	3421
3227	3422
3228	3423
3229	3424
3230	3425
3231	3426
3232	3427
3233	3428
3234	3429
3235	3430
3236	3431
3237	3432
3238	3433
3239	3434
3240	3435
3241	3436
3242	3437
3243	3438
3244	3439
3245	3440
3246	3441
3247	3442
3248	3443
3249	3444
3250	3445
3251	3446
3252	3447
3253	3448
3254	3449
3255	3450
3256	3451
3257	3452
3258	3453
3259	3454
3260	3455
3261	3456
3262	3457
3263	3458
3264	3459
3265	3460
3266	3461
3267	3462
3268	3463
3269	3464
3270	3465
3271	3466
3272	3467
3273	3468
3274	3469
3275	3470
3276	3471
3276	3472
3277	3473
3278	3474
3279	3475
3280	3476
3281	3477
3282	3478
3283	3479
3284	3480
3285	3481
3286	3482
3287	3483
3288	3484
3289	3485
3290	3486
3291	3487
3292	3488
3293	3489
3294	3490
3295	3491
3296	3492
3297	3493
3298	3494
3299	3495
3300	3496
3301	3497
3302	3498
3303	3499
3304	3500
3305	3501
3306	3502
3307	3503
3308	3504
3309	3505
3310	3506
3311	3507
3312	3508
3313	3509
3314	3510
3315	3511
3316	3512
3317	3513
3318	3514
3319	3515
3320	3516
3321	3517
3322	3518
3323	3519
3324	3520
3325	3521
3326	3522
3327	3523
3328	3524
3329	3525
3330	3526
3331	3527
3332	3528
3333	3529
3334	3530
3335	3531
3336	3532
3337	3533
3338	3534
3339	3535
3340	3536
3341	3537
3342	3538
3343	3539
3344	3540
3345	3541
3346	3542
3347	3543
3348	3544
3349	3545
3350	3546
3351	3547
3352	3548
3352	3549
3353	3550
3354	3551
3355	3552
3355	3553
3356	3554
3357	3555
3358	3556
3359	3557
3360	3558
3361	3559
3362	3560
3363	3561
3364	3562
3365	3563
3366	3564
3367	3565
3368	3566
3369	3567
3370	3568
3371	3569
3372	3570
3373	3571
3374	3572
3375	3573
3376	3574
3377	3575
3378	3576
3379	3577
3380	3578
3381	3579
3382	3580
3383	3581
3384	3582
3385	3583
3385	3584
3386	3585
3387	3586
3388	3587
3389	3588
3390	3589
3391	3590
3391	3591
3392	3592
3393	3593
3394	3594
3395	3595
3396	3596
3397	3597
3398	3598
3398	3599
3399	3600
3400	3601
3401	3602
3402	3603
3402	3604
3403	3605
3404	3606
3405	3607
3406	3608
3407	3609
3407	3610
3408	3611
3408	3612
3409	3613
3410	3614
3411	3615
3411	3616
3412	3617
3413	3618
3413	3619
3414	3620
3414	3621
3415	3622
3416	3623
3416	3624
3417	3625
3417	3626
3418	3627
3419	3628
3420	3629
3421	3630
3422	3631
3423	3632
3424	3633
3425	3634
3426	3635
3427	3636
3428	3637
3429	3638
3430	3639
3431	3640
3432	3641
3433	3642
3434	3643
3435	3644
3436	3645
3437	3646
3438	3647
3439	3648
3440	3649
3441	3650
3442	3651
3443	3652
3444	3653
3445	3654
3446	3655
3447	3656
3448	3657
3449	3658
3450	3659
3451	3660
3452	3661
3453	3662
3454	3663
3455	3664
3456	3665
3457	3666
3458	3667
3459	3668
3460	3669
3461	3670
3462	3671
3463	3672
3464	3673
3465	3674
3466	3675
3467	3676
3468	3677
3469	3678
3470	3679
3471	3680
3472	3681
3473	3682
3474	3683
3475	3684
3476	3685
3477	3686
3478	3687
3479	3688
3480	3689
3481	3690
3482	3691
3483	3692
3484	3693
3485	3694
3486	3695
3487	3696
3488	3697
3489	3698
3490	3699
3491	3700
3492	3701
3493	3702
3494	3703
3495	3704
3496	3705
3497	3706
3498	3707
3499	3708
3500	3709
3501	3710
3502	3711
3503	3712
3504	3713
3505	3714
3506	3715
3507	3716
3508	3717
3509	3718
3510	3719
3511	3720
3512	3721
3513	3722
3514	3723
3515	3724
3516	3725
3517	3726
3518	3727
3519	3728
3520	3729
3521	3730
3522	3731
3523	3732
3524	3733
3525	3734
3526	3735
3527	3736
3528	3737
3529	3738
3530	3739
3531	3740
3532	3741
3533	3742
3534	3743
3535	3744
3536	3745
3537	3746
3538	3747
3539	3748
3540	3749
3541	3750
3542	3751
3543	3752
3544	3753
3545	3754
3546	3755
3547	3756
3548	3757
3548	3758
3549	3759
3550	3760
3550	3761
3551	3762
3551	3763
3552	3764
3553	3765
3554	3766
3555	3767
3556	3768
3556	3769
3557	3770
3557	3771
3558	3772
3559	3773
3560	3774
3561	3775
3561	3776
3562	3777
3562	3778
3563	3779
3563	3780
3564	3781
3565	3782
3566	3783
3567	3784
3568	3785
3569	3786
3570	3787
3571	3788
3572	3789
3573	3790
3574	3791
3575	3792
3576	3793
3577	3794
3578	3795
3578	3796
3579	3797
3579	3798
3580	3799
3581	3800
3581	3801
3582	3802
3583	3803
3584	3804
3585	3805
3586	3806
3587	3807
3587	3808
3588	3809
3589	3810
3590	3811
3590	3812
3591	3813
3592	3814
3592	3815
3593	3816
3594	3817
3595	3818
3595	3819
3596	3820
3597	3821
3598	3822
3598	3823
3599	3824
3600	3825
3601	3826
3602	3827
3602	3828
3603	3829
3603	3830
3604	3831
3604	3832
3605	3833
3606	3834
3607	3835
3608	3836
3609	3837
3610	3838
3610	3839
3611	3840
3612	3841
3612	3842
3613	3843
3614	3844
3614	3845
3615	3846
3616	3847
3617	3848
3618	3849
3618	3850
3619	3851
3619	3852
3620	3853
3620	3854
3621	3855
3622	3856
3623	3857
3624	3858
3624	3859
3625	3860
3626	3861
3626	3862
3627	3863
3628	3864
3629	3865
3630	3866
3631	3867
3632	3868
3633	3869
3634	3870
3635	3871
3636	3872
3637	3873
3638	3874
3639	3875
3640	3876
3641	3877
3641	3878
3642	3879
3643	3880
3644	3881
3645	3882
3646	3883
3647	3884
3648	3885
3649	3886
3649	3887
3650	3888
3650	3889
3651	3890
3652	3891
3653	3892
3654	3893
3655	3894
3656	3895
3657	3896
3658	3897
3659	3898
3660	3899
3661	3900
3662	3901
3663	3902
3664	3903
3665	3904
3666	3905
3667	3906
3668	3907
3669	3908
3670	3909
3671	3910
3672	3911
3673	3912
3674	3913
3675	3914
3676	3915
3677	3916
3677	3917
3678	3918
3679	3919
3680	3920
3681	3921
3682	3922
3683	3923
3683	3924
3684	3925
3685	3926
3686	3927
3687	3928
3688	3929
3689	3930
3690	3931
3690	3932
3691	3933
3692	3934
3693	3935
3694	3936
3695	3937
3696	3938
3697	3939
3698	3940
3699	3941
3700	3942
3701	3943
3702	3944
3703	3945
3704	3946
3705	3947
3706	3948
3707	3949
3707	3950
3708	3951
3709	3952
3710	3953
3711	3954
3712	3955
3712	3956
3713	3957
3714	3958
3714	3959
3715	3960
3716	3961
3717	3962
3718	3963
3719	3964
3720	3965
3721	3966
3722	3967
3723	3968
3724	3969
3725	3970
3726	3971
3727	3972
3728	3973
3729	3974
3730	3975
3731	3976
3732	3977
3733	3978
3734	3979
3735	3980
3736	3981
3737	3982
3738	3983
3739	3984
3740	3985
3741	3986
3742	3987
3743	3988
3744	3989
3745	3990
3746	3991
3747	3992
3747	3993
3748	3994
3749	3995
3750	3996
3751	3997
3751	3998
3752	3999
3753	4000
3754	4001
3755	4002
3756	4003
3757	4004
3758	4005
3759	4006
3760	4007
3761	4008
3762	4009
3763	4010
3764	4011
3765	4012
3766	4013
3767	4014
3767	4015
3768	4016
3769	4017
3770	4018
3771	4019
3772	4020
3773	4021
3774	4022
3775	4023
3776	4024
3776	4025
3777	4026
3778	4027
3779	4028
3780	4029
3780	4030
3781	4031
3782	4032
3783	4033
3784	4034
3785	4035
3786	4036
3787	4037
3788	4038
3789	4039
3790	4040
3791	4041
3792	4042
3793	4043
3794	4044
3795	4045
3796	4046
3797	4047
3798	4048
3799	4049
3800	4050
3801	4051
3802	4052
3802	4053
3803	4054
3803	4055
3804	4056
3804	4057
3805	4058
3806	4059
3807	4060
3808	4061
3809	4062
3810	4063
3811	4064
3812	4065
3812	4066
3813	4067
3814	4068
3815	4069
3816	4070
3817	4071
3818	4072
3819	4073
3820	4074
3821	4075
3822	4076
3822	4077
3823	4078
3824	4079
3825	4080
3826	4081
3827	4082
3828	4083
3829	4084
3830	4085
3831	4086
3832	4087
3833	4088
3834	4089
3835	4090
3836	4091
3836	4092
3837	4093
3838	4094
3839	4095
3840	4096
3841	4097
3842	4098
3843	4099
3844	4100
3845	4101
3846	4102
3847	4103
3848	4104
3849	4105
3850	4106
3851	4107
3851	4108
3852	4109
3852	4110
3853	4111
3854	4112
3855	4113
3856	4114
3857	4115
3858	4116
3859	4117
3860	4118
3860	4119
3861	4120
3862	4121
3863	4122
3864	4123
3865	4124
3866	4125
3867	4126
3868	4127
3868	4128
3869	4129
3869	4130
3870	4131
3870	4132
3871	4133
3872	4134
3873	4135
3874	4136
3874	4137
3875	4138
3876	4139
3877	4140
3878	4141
3879	4142
3880	4143
3881	4144
3882	4145
3883	4146
3884	4147
3885	4148
3886	4149
3887	4150
3888	4151
3889	4152
3890	4153
3891	4154
3892	4155
3893	4156
3894	4157
3895	4158
3896	4159
3897	4160
3898	4161
3899	4162
3900	4163
3900	4164
3901	4165
3902	4166
3903	4167
3904	4168
3904	4169
3905	4170
3906	4171
3907	4172
3908	4173
3909	4174
3910	4175
3911	4176
3912	4177
3913	4178
3914	4179
3915	4180
3916	4181
3917	4182
3918	4183
3919	4184
3920	4185
3920	4186
3921	4187
3921	4188
3922	4189
3923	4190
3924	4191
3925	4192
3926	4193
3927	4194
3927	4195
3928	4196
3929	4197
3930	4198
3931	4199
3932	4200
3933	4201
3934	4202
3935	4203
3936	4204
3937	4205
3938	4206
3939	4207
3940	4208
3941	4209
3942	4210
3943	4211
3944	4212
3945	4213
3946	4214
3947	4215
3948	4216
3949	4217
3950	4218
3951	4219
3952	4220
3953	4221
3954	4222
3955	4223
3956	4224
3957	4225
3958	4226
3959	4227
3960	4228
3961	4229
3962	4230
3963	4231
3964	4232
3964	4233
3965	4234
3966	4235
3967	4236
3968	4237
3969	4238
3970	4239
3971	4240
3972	4241
3973	4242
3974	4243
3975	4244
3976	4245
3977	4246
3978	4247
3979	4248
3980	4249
3981	4250
3982	4251
3983	4252
3984	4253
3985	4254
3986	4255
3987	4256
3988	4257
3989	4258
3990	4259
3991	4260
3992	4261
3993	4262
3994	4263
3995	4264
3996	4265
3997	4266
3998	4267
3998	4268
3999	4269
4000	4270
4001	4271
4001	4272
4002	4273
4003	4274
4004	4275
4005	4276
4006	4277
4007	4278
4008	4279
4009	4280
4010	4281
4011	4282
4011	4283
4012	4284
4013	4285
4014	4286
4015	4287
4016	4288
4017	4289
4018	4290
4019	4291
4019	4292
4020	4293
4021	4294
4022	4295
4022	4296
4023	4297
4024	4298
4025	4299
4026	4300
4027	4301
4028	4302
4028	4303
4029	4304
4029	4305
4030	4306
4031	4307
4031	4308
4032	4309
4033	4310
4034	4311
4035	4312
4036	4313
4037	4314
4038	4315
4039	4316
4039	4317
4040	4318
4041	4319
4042	4320
4043	4321
4044	4322
4045	4323
4046	4324
4047	4325
4048	4326
4049	4327
4050	4328
4051	4329
4052	4330
4053	4331
4054	4332
4055	4333
4055	4334
4056	4335
4057	4336
4057	4337
4058	4338
4059	4339
4060	4340
4061	4341
4062	4342
4063	4343
4064	4344
4065	4345
4066	4346
4067	4347
4068	4348
4069	4349
4070	4350
4071	4351
4072	4352
4073	4353
4074	4354
4075	4355
4076	4356
4077	4357
4078	4358
4079	4359
4080	4360
4081	4361
4082	4362
4083	4363
4084	4364
4085	4365
4086	4366
4087	4367
4088	4368
4089	4369
4090	4370
4091	4371
4092	4372
4093	4373
4094	4374
4095	4375
4096	4376
4097	4377
4098	4378
4099	4379
4100	4380
4101	4381
4101	4382
4102	4383
4103	4384
4103	4385
4104	4386
4105	4387
4106	4388
4107	4389
4108	4390
4109	4391
4110	4392
4111	4393
4112	4394
4113	4395
4114	4396
4115	4397
4116	4398
4117	4399
4118	4400
4119	4401
4120	4402
4121	4403
4122	4404
4123	4405
4124	4406
4124	4407
4125	4408
4126	4409
4127	4410
4128	4411
4129	4412
4130	4413
4130	4414
4131	4415
4132	4416
4133	4417
4134	4418
4135	4419
4136	4420
4137	4421
4137	4422
4138	4423
4138	4424
4139	4425
4140	4426
4141	4427
4142	4428
4143	4429
4144	4430
4145	4431
4145	4432
4146	4433
4147	4434
4148	4435
4149	4436
4150	4437
4151	4438
4152	4439
4152	4440
4153	4441
4154	4442
4155	4443
4156	4444
4156	4445
4157	4446
4158	4447
4159	4448
4160	4449
4161	4450
4162	4451
4163	4452
4164	4453
4164	4454
4165	4455
4165	4456
4166	4457
4167	4458
4168	4459
4169	4460
4169	4461
4170	4462
4170	4463
4171	4464
4172	4465
4173	4466
4174	4467
4174	4468
4175	4469
4176	4470
4177	4471
4177	4472
4178	4473
4179	4474
4180	4475
4181	4476
4182	4477
4183	4478
4184	4479
4185	4480
4186	4481
4187	4482
4188	4483
4189	4484
4190	4485
4191	4486
4192	4487
4193	4488
4194	4489
4195	4490
4196	4491
4197	4492
4198	4493
4199	4494
4200	4495
4201	4496
4202	4497
4203	4498
4204	4499
4205	4500
4206	4501
4207	4502
4208	4503
4209	4504
4210	4505
4211	4506
4212	4507
4213	4508
4214	4509
4215	4510
4216	4511
4217	4512
4218	4513
4219	4514
4220	4515
4221	4516
4222	4517
4223	4518
4224	4519
4225	4520
4226	4521
4227	4522
4228	4523
4229	4524
4230	4525
4231	4526
4232	4527
4233	4528
4234	4529
4235	4530
4236	4531
4237	4532
4238	4533
4239	4534
4240	4535
4241	4536
4242	4537
4243	4538
4244	4539
4245	4540
4246	4541
4247	4542
4248	4543
4249	4544
4250	4545
4251	4546
4252	4547
4253	4548
4254	4549
4254	4550
4255	4551
4255	4552
4256	4553
4257	4554
4258	4555
4259	4556
4260	4557
4261	4558
4262	4559
4263	4560
4264	4561
4265	4562
4266	4563
4267	4564
4268	4565
4269	4566
4270	4567
4271	4568
4272	4569
4273	4570
4274	4571
4275	4572
4276	4573
4277	4574
4278	4575
4279	4576
4280	4577
4281	4578
4282	4579
4283	4580
4284	4581
4285	4582
4286	4583
4287	4584
4288	4585
4289	4586
4290	4587
4291	4588
4292	4589
4293	4590
4294	4591
4295	4592
4296	4593
4297	4594
4298	4595
4299	4596
4300	4597
4301	4598
4302	4599
4303	4600
4304	4601
4305	4602
4306	4603
4307	4604
4308	4605
4309	4606
4310	4607
4311	4608
4312	4609
4313	4610
4314	4611
4315	4612
4316	4613
4317	4614
4318	4615
4319	4616
4320	4617
4321	4618
4322	4619
4323	4620
4324	4621
4325	4622
4326	4623
4327	4624
4328	4625
4329	4626
4329	4627
4330	4628
4331	4629
4332	4630
4333	4631
4334	4632
4335	4633
4336	4634
4337	4635
4337	4636
4338	4637
4339	4638
4340	4639
4341	4640
4342	4641
4343	4642
4344	4643
4345	4644
4346	4645
4347	4646
4348	4647
4349	4648
4350	4649
4351	4650
4352	4651
4353	4652
4354	4653
4355	4654
4356	4655
4357	4656
4358	4657
4359	4658
4360	4659
4361	4660
