# Hydrophobicity scoring matrix constructed from hydrophilicity data
# (M. Levitt, J. Mol. Biol. 104, 59 [1976]),
# derived by George et al. 1990,
# Mutation Data Matrix and Its Uses, Methods in Enzymology 183, 333.
#
   R  K  D  E  B  Z  S  N  Q  G  X  T  H  A  C  M  P  V  L  I  Y  F  W  *
R 10 10  9  9  8  8  6  6  6  5  5  5  5  5  4  3  3  3  3  3  2  1  0  0
K 10 10  9  9  8  8  6  6  6  5  5  5  5  5  4  3  3  3  3  3  2  1  0  0
D  9  9 10 10  8  8  7  6  6  6  5  5  5  5  5  4  4  4  3  3  3  2  1  0
E  9  9 10 10  8  8  7  6  6  6  5  5  5  5  5  4  4  4  3  3  3  2  1  0
B  8  8  8  8 10 10  8  8  8  8  7  7  7  7  6  6  6  5  5  5  4  4  3  0
Z  8  8  8  8 10 10  8  8  8  8  7  7  7  7  6  6  6  5  5  5  4  4  3  0
S  6  6  7  7  8  8 10 10 10 10  9  9  9  9  8  8  7  7  7  7  6  6  4  0
N  6  6  6  6  8  8 10 10 10 10  9  9  9  9  8  8  8  7  7  7  6  6  4  0
Q  6  6  6  6  8  8 10 10 10 10  9  9  9  9  8  8  8  7  7  7  6  6  4  0
G  5  5  6  6  8  8 10 10 10 10  9  9  9  9  8  8  8  8  7  7  6  6  5  0
X  5  5  5  5  7  7  9  9  9  9 10 10 10 10  9  9  8  8  8  8  7  7  5  0
T  5  5  5  5  7  7  9  9  9  9 10 10 10 10  9  9  8  8  8  8  7  7  5  0
H  5  5  5  5  7  7  9  9  9  9 10 10 10 10  9  9  9  8  8  8  7  7  5  0
A  5  5  5  5  7  7  9  9  9  9 10 10 10 10  9  9  9  8  8  8  7  7  5  0
C  4  4  5  5  6  6  8  8  8  8  9  9  9  9 10 10  9  9  9  9  8  8  5  0
M  3  3  4  4  6  6  8  8  8  8  9  9  9  9 10 10 10 10  9  9  8  8  7  0
P  3  3  4  4  6  6  7  8  8  8  8  8  9  9  9 10 10 10  9  9  9  8  7  0
V  3  3  4  4  5  5  7  7  7  8  8  8  8  8  9 10 10 10 10 10  9  8  7  0
L  3  3  3  3  5  5  7  7  7  7  8  8  8  8  9  9  9 10 10 10  9  9  8  0
I  3  3  3  3  5  5  7  7  7  7  8  8  8  8  9  9  9 10 10 10  9  9  8  0
Y  2  2  3  3  4  4  6  6  6  6  7  7  7  7  8  8  9  9  9  9 10 10  8  0
F  1  1  2  2  4  4  6  6  6  6  7  7  7  7  8  8  8  8  9  9 10 10  9  0
W  0  0  1  1  3  3  4  4  4  5  5  5  5  5  6  7  7  7  8  8  8  9 10  0
*  0  0  0  0  0  0  0  0  0  0  0  0  0  0  0  0  0  0  0  0  0  0  0  1